-30 -26.711490313736931 -26.76018267420617 -23.608190874335737 -21.80517512934539
183.25988782932592 -19.0528497007585 -15.62842801801836 -20.06658471937003 -23.031318594142160
-17.451935159929775 -14.829562800736163 -14.46894296503246 -14.08826741095294 -19.531427597616119
-15.999092278264717 -17.107246912879425 -19.859898932743349 -23.93013042225051 -11.992968244345754
-9.501915044941475 -14.395793597387801 -15.21105463447534 -16.427374852126754 -30.094665763820927
-24.11755192883506 -35.39921486410005 -41.63452258610754 -32.479076220276234 -31.797909211056830
NA NA NA NA NA
-41 -41.798328217678922 -43.95196419140781 -46.686029440607484 -45.522485236105979
154.56740809519613 -54.56742043369509 -58.7953630328832 -61.6212247469461 -57.693990334763299
-59.36453985664534 -71.048200186722866 -72.33664988289803 -70.125562969766250 -69.8883069960956
-73.60204393286263 -87.1982866444724 -86.44654311183517 -83.1120386666492 -78.0836887238631
-85.48745902447128 -92.3292810662926 -93.70174398109197 -97.42101017068764 -93.35880562253674
-101.43089436178366 -95.94521175506975 -86.46991900036262 -82.756919859185302 -73.8696021618996
NA NA NA NA NA
-36 -36.16153346981994 -37.908867006606123 -44.8003776906732 -50.41397410898788
120.24210569234963 -43.35451664478224 -42.51079109688111 -41.067197485383410 -46.7117679330285
-33.773806461712574 -28.69016966324268 -31.06764605525391 -28.49601358345349 -34.21130383834014
-30.688724760772089 -28.69148226483932 -33.0926951516692 -19.39046462954627 -11.892870610078276
-9.23392959919922 -8.711586454074432 -2.91511737229882 -9.24501466730266 -18.51885075612575
-31.41921985623540 -32.844713353936989 -33.917631084028244 -27.553722908759866 -30.42121590200804
NA NA NA NA NA
48 45.6068974241153 51.615996741222929 45.837796792720781 51.27566908912317
113.52485456229564 61.71691836607783 72.87001015427010 71.63101021629652 86.9378010966028
77.6323744718522 80.82210964183624 71.497615392376261 68.952349834245354 67.8893137736627
66.539652075574 65.68157882893554 64.59226333331181 60.926039172949388 57.30807616454003
61.506231887387 70.802803980182958 71.8043285160849 72.99094453289814 73.0993238965117
69.658093094361007 71.52860840415815 67.04203895434456 71.92487220471583 70.64133419843398
NA NA NA NA NA
95 89.3972132529208 88.59761450532797 91.31331006362691 93.38999416351224
90.15493550886879 93.28744239416712 98.0018700101861 110.1422538203827 101.4333726881796
93.10049552622303 94.97272888503512 97.08365540988365 96.5603157159744 91.3780307506109
99.47413895491459 98.42756291939122 99.31593432253914 91.1198999466459 91.28578393432872
91.47987762146688 90.051037928043442 92.966094184713 103.40433472362332 90.66834288157422
89.382026221992717 85.28549254597034 85.0707586617534 84.262936725451638 78.42188365558079
NA NA NA NA NA
55 55.87549404836378 56.16182310029377 57.066873405973034 55.404109422502309
120.11234553561135 63.4072330747086 57.26349385532834 58.615692841409718 54.72807523231288
52.624464287131126 56.64180535481257 66.15451144407547 54.0722192870797 52.241452501394463
56.30412073864755 59.274924539893952 57.59480662236878 56.62194382300226 47.752564396957325
42.52243711158513 34.732306645521518 35.79374357020368 44.71419298570157 49.32983138405868
50.55817744636133 58.4641297279302 62.43525584732443 63.43984314866285 65.589334783323110
NA NA NA NA NA
61 57.51238260378424 55.84781972785535 56.82249272940509 57.02880814222141
64.09704344368657 67.54399590247033 64.662312857869168 73.860334015903689 76.04698769378403
72.383589227974511 64.09562284705792 56.03304064892733 48.731859956837795 43.232553568171660
45.83730767773327 41.29602244164213 39.856666611470345 36.385917339046728 36.650442784779166
42.951512134223954 40.58616241867821 40.57013064247256 42.425765161042094 47.395353518547914
53.976831822615516 47.85061534285 52.94453218005683 60.6354147583247 59.39057507625876
NA NA NA NA NA
40 47.41033325433888 41.57829206365557 39.856655412408088 32.27412645052185
45.807494121332 39.197787908896956 39.06796969402863 29.88408762920679 34.202835741542088
48.21038054480073 48.92894099960703 51.263897606075510 47.24707605085806 50.789640049219102
58.24233067248541 56.72588058700173 56.4324412993568 44.15627447170424 54.070433280155335
49.137819747779510 50.14947292884332 50.666502263544700 41.35579249009546 35.399012331613086
39.641259228817248 38.75775125325337 48.716130339771865 56.739109461740107 67.1517879857052
NA NA NA NA NA
-7 -4.498908417367192 -3.8685606333151172 0.51998272726913930 1.3333851085629780
30.22234943684880 -11.274426466690915 -17.84663256969606 -19.533839551402686 -5.5181150260900953
-5.68059991605286 -6.5945434413039621 -10.908735339301057 -12.827658951651106 -15.471956031182259
-19.24076594351085 -28.982968385076756 -31.35744676891293 -26.900373941109059 -24.094181873905548
-23.50581826807553 -32.02434965459548 -28.71237935529356 -17.804692021167853 -22.75651159856506
-36.76382530908602 -38.4396170245187 -47.715868585537500 -43.01017351700815 -46.97918993629209
NA NA NA NA NA
-31 -29.76165978354196 -34.79193700233747 -24.585330227262478 -21.289394213535513
33.80744846191979 -30.00351576404735 -24.877364707832 -32.634204840835650 -25.66582795313018
-22.42395765124428 -14.113813123867647 -17.563060618300479 -17.117784359659002 -25.44471694647393
-34.910162887929438 -39.71086362683926 -30.29341998173618 -41.014268522090845 -40.16794071392169
-42.57475245334988 -46.529751554991108 -45.31025077133668 -47.605126836640594 -54.38877956545472
-53.089878435425447 -48.56859408178225 -41.589340434349829 -37.362396041504873 -36.437158699515251
NA NA NA NA NA
-11 -0.3514922883356864 -7.737747779188160 -8.397061347694105 -10.54911947814501
-2.19891867129129 -3.7424193945751347 -6.798494979557603 -3.452822433637746 -13.298676541776508
-8.028514277592205 -8.096211613965515 -9.0036130325747248 -12.147298572391264 -17.808775390924758
-13.119123398047329 -11.313506354804201 -8.6004441445173 -7.0338917959812859 -5.2121329277240411
6.5372146653923977 11.791492479907687 13.027527418858005 11.942229634992094 16.58195137336546
24.998501389107304 31.84439269041823 38.243487966007734 32.739120387405478 37.13509516065414
NA NA NA NA NA
26 24.40240213967919 40.967856802190425 38.447437205192280 47.72179758826677
49.621427773536418 44.873881968470251 50.026056629245019 52.106515848991684 50.449793808253794
34.82934213402555 33.4318923002811 30.40051793641074 29.831418774355566 36.366140648883565
39.70608293980179 44.664808482722840 46.310614488984953 51.77121793887167 47.669132363638802
49.57840877140667 49.81535430451815 51.000682749819191 56.65295804661324 60.82468309729128
59.484991290045798 52.641362307290606 53.00242554412824 55.59587180986256 45.02455532255706
NA NA NA NA NA
200 199.9948802721359 202.21160569359662 192.78523733677477 194.83079301952375
189.85963635862163 193.01229730594042 197.2696491892052 197.7163880326987 213.1667254008118
211.6716495683607 214.94582703476752 223.42161519402586 209.07249757419805 206.39753741388282
195.40880124845103 199.3280215248517 190.97666179429598 199.78580163270209 200.56298252096985
194.28105947660961 210.66993757309990 196.96499022787205 205.0788285635055 205.65406636967202
212.31459185056326 205.92238604272188 208.4457466247809 200.97814994501493 193.00309090538460
NA NA NA NA NA
469.00000000000000 457.034420807539 467.3544562279815 462.7423284925515 463.7253858048027
466.4829842913943 473.43211783087651 474.3410197704663 469.1570171594137 462.4898255121566
463.25547464674446 472.28948092793183 465.82357945060039 451.46713291620915 444.31130513021844
454.47531695950289 458.3836110187882 453.3089417690576 461.779615998188 452.60981669815538
451.81269657333092 454.1505862266185 458.7606687887416 469.2838427057095 478.2306449167066
500.2096722353953 492.95118657518685 501.37167450119512 488.8921567396283 484.60580606438538
NA NA NA NA NA
643 634.9222348582298 644.43192417469993 629.22751036645843 648.438578246118
639.09170282598257 644.8551393515622 656.66236184970512 661.31260639383572 663.3454666157843
660.5265725888944 663.74934132862154 658.6615713385254 660.9337515543583 647.95722714313001
646.1034138267988 656.229936960767 658.9659789923365 662.118227844554 635.5126699634293
622.638365028089 624.66470543906291 625.792944384439 619.116179318606 636.047070842301
645.1412267729125 630.71985078514558 639.11965934467469 620.10292216395396 620.136673941034
NA NA NA NA NA
811 804.67385482797761 816.0014943234767 800.3222888039113 802.012361797184
793.94702091179147 796.9929333193676 818.2121185728071 820.2001058888699 816.06703769991543
813.72627223456675 813.96576922076815 811.7000070090253 812.6229855553457 799.6686630563175
803.94250452602762 810.930253617209 809.5699024945751 823.48869392542940 811.79767103032088
803.6793138203614 800.7120061397695 815.8440865584506 821.3163248913245 824.5833902963376
842.3818430525481 841.0433680272479 845.4481620872357 836.1439204970567 814.9844375975772
NA NA NA NA NA
1089 1073.6964135108071 1090.2225475781022 1072.9321730386871 1085.6423395097167
1079.7309436425328 1100.7860121958311 1103.5298252715231 1126.113258937874 1124.8485384157793
1127.472520000207 1132.3116234273270 1141.7941352045366 1125.9213957590205 1104.9071441273131
1121.4531128360229 1133.3175718340044 1131.9626505024223 1142.8402137096789 1111.8673092999134
1089.8568061436804 1098.300770643346 1105.2944235284403 1118.1545832936795 1134.5329726367565
1161.4823528231077 1148.5852740148187 1159.829649916361 1151.4986168206578 1123.2441779750525
NA NA NA NA NA
1198 1179.4009978121583 1216.5118961500134 1200.9747294989852 1215.5141859925241
1211.7399855285455 1230.2365366961913 1243.380620897546 1245.048361302336 1237.7082722752707
1244.935368117073 1254.407877397012 1248.9788107394058 1237.000801982285 1220.423384846786
1234.489720988743 1235.2259208057765 1217.660623708044 1222.4892473877308 1185.0841514486272
1168.5416897145619 1177.5963509416858 1196.150255022455 1211.997145777747 1213.884727711196
1234.640877995111 1220.4759668338227 1250.3553041165012 1233.6322683448150 1203.9758435219564
NA NA NA NA NA
981.0000000000000 975.6396241039381 988.9076724459957 973.6213769800615 981.6137584998168
992.2947055828724 996.5447673352195 1001.7488502731092 1008.7674919680596 1004.457344179696
998.8728688676835 1009.9144714256670 1012.9884452548878 990.786500502199 972.1648138186829
983.3246639534408 980.5383670582086 978.3119578911940 985.11115525285 957.4010205911475
945.0543297640157 948.1737142763646 957.8571325981075 966.1200014110630 980.0814863354107
982.7162770214145 973.2352840496210 979.7670400713209 964.13859612529 938.2672910456878
NA NA NA NA NA
486 485.7927814458756 500.2780799536689 490.5495340033584 490.94875253962653
486.70503829517844 496.7923505274094 504.4895226423666 506.0426590273562 496.304475679702
492.87772839830342 498.04922400689674 494.93585625232100 500.8466237539852 505.391710710898
515.350097037077 529.98152123157467 521.48157638508178 522.1947810798165 501.29829481114120
493.879300457525 492.6010499790286 495.04294192187194 492.38891975370439 490.6109660200906
506.4387147729618 506.72943686152126 505.06551325188855 507.3364709601973 493.14421184610973
NA NA NA NA NA
-107.00000000000000 -108.50932832672433 -114.94109857102464 -120.30915338228061 -123.6810303890863
-123.32817445744310 -134.91189558227828 -140.77801618689116 -146.04394295680095 -142.62269535545894
-146.49978213309529 -137.38404620908915 -130.6524794472853 -130.22829782559222 -129.57183031202027
-125.66116219179980 -122.01220024584291 -118.69241941879066 -115.39492845310966 -115.66584144314328
-113.05789229134953 -108.30972489387042 -107.80962549911963 -101.09668330304505 -99.58358998072579
-104.63096702401789 -111.45390927608346 -116.32943146149368 -114.62821949673547 -107.55637761765482
NA NA NA NA NA
-595 -590.3358703812717 -600.1325495038976 -589.5952447729233 -595.73822456294272
-588.1714343673716 -591.92965372688684 -592.245389839539 -592.74399693553016 -588.5010552897927
-592.9565129432254 -601.32095628739444 -602.9448162183695 -581.59007573245128 -573.68192302491843
-581.9371373784879 -590.30095663568193 -585.0520357401589 -585.2147579846772 -563.116646220211
-550.51372757274555 -559.40510749857572 -573.17845869246025 -572.9768867014557 -576.57708659810567
-585.79343733735516 -584.2678122746437 -590.4754935896065 -578.28114445788515 -574.3831757097
NA NA NA NA NA
-861 -849.5366880655212 -856.738368311045 -852.827769828791 -853.654009700659
-848.2539436300191 -858.7141909917127 -863.142462044142 -861.5904058489513 -859.57021145130489
-864.48707785302565 -871.7224581650503 -862.3485605101296 -853.0116351864979 -845.7307584859321
-852.9463038512387 -865.4022642323 -867.0315731099491 -869.1224106528435 -837.3003278345421
-810.43312581773762 -818.20937023527063 -824.5216421451107 -832.9351222501413 -853.618861004582
-865.7797407144581 -859.9586707306458 -876.89465383516665 -862.419093838928 -840.13602556062
NA NA NA NA NA
-974 -972.9707777998882 -988.7029945345428 -982.1560698994742 -988.6135980428054
-987.9258128828801 -997.3325862351767 -1000.5809843215384 -1018.7863528789767 -1012.6201634929059
-1013.7660036652017 -1026.0141450356357 -1032.4868382090290 -1018.6370807836038 -1010.9484589885676
-1020.1300261867467 -1024.0940655131826 -1026.3676950585234 -1040.3677565682196 -1011.1064755201961
-996.5708911776746 -1010.8548790954164 -1014.503547766920 -1015.6103974920130 -1017.0539571009930
-1018.1335277968652 -1007.446094136826 -1024.4269966514687 -1008.258041344635 -1006.3879497774774
NA NA NA NA NA
-1027 -1025.4310324457379 -1047.1345096725870 -1034.0742187344897 -1040.303176567141
-1022.3827676663076 -1039.946944408445 -1048.926995203808 -1059.3215534193703 -1057.6535888043877
-1063.1083805211340 -1066.4918908146403 -1060.3193249897884 -1038.531142967572 -1036.2007189222063
-1055.5227634876881 -1059.2017892075571 -1053.5674346418491 -1067.188097700961 -1043.9169537564292
-1021.272403070592 -1021.4717550560437 -1030.2899021460673 -1033.133584849484 -1035.2978566651248
-1047.1865526479351 -1043.1295796372019 -1049.7713298207004 -1022.8617723404756 -1006.22544644912
NA NA NA NA NA
-1008 -994.7493276280045 -1013.1155761292398 -1008.3406674226086 -1013.9144757450316
-1004.4766810167963 -1023.6807839635185 -1035.6724928121159 -1048.4245945090863 -1043.8474320195080
-1048.1714269109252 -1061.6491688999413 -1053.0029566260689 -1048.0477705349374 -1036.290510420703
-1050.857109952465 -1060.0559566254626 -1062.4729349729826 -1063.994720059425 -1036.9364939598888
-1020.7929416814286 -1041.0549190827494 -1056.966874404725 -1070.9934967141803 -1063.7959955168353
-1093.6679929213478 -1085.3218705785907 -1107.1139418765517 -1082.7948721267421 -1060.8526040329643
NA NA NA NA NA
-871.00000000000000 -859.76450104294804 -878.6043072212988 -866.620328795017 -869.1850409237212
-864.4245313290915 -872.9135948256383 -870.404371388935 -874.46573170213708 -862.75577270566362
-860.38100189161889 -865.5940360141560 -865.01257612314021 -840.7326241335978 -832.49586838084
-840.1400568304283 -855.7026234700140 -846.54110935690267 -866.9935408655256 -836.86980303707321
-826.1728079683214 -841.8962362806329 -849.69145495216560 -848.90387590814680 -857.0993757037404
-867.6291994714825 -856.752917289479 -854.8417789131694 -828.4382943141138 -812.7040634029838
NA NA NA NA NA
-753 -756.262766149024 -775.71067150904992 -771.39391107520021 -777.6174325626060
-767.2348615655121 -779.441889289433 -779.6489586537526 -791.64827224946760 -789.3289083583591
-783.56541833578081 -790.573795517428 -790.2242816058586 -777.90833914719451 -766.118362243087
-762.93962379166 -772.66813130358321 -764.5149439187089 -774.0700003528437 -755.6228896541576
-743.2159206037936 -749.0515889319415 -758.858430967293 -764.53311389165390 -765.2296516973722
-773.2694598065528 -771.23495147991503 -787.7300388945528 -775.0118694389687 -757.642899394796
NA NA NA NA NA
-660 -639.2169981345763 -645.0938256790172 -626.7303886229713 -640.8914005783871
-644.318015997975 -646.12029111259380 -655.775521169098 -654.4045347562833 -645.83942013362162
-636.485555652429 -645.27926515858530 -644.42066057654290 -641.11131869063115 -628.9814209407423
-625.336512844924 -621.89013636036907 -621.52767452510682 -615.6080077255483 -601.6551741763927
-587.0525125241924 -599.1342247743505 -613.69330285931892 -616.255573049748 -615.6197966312446
-623.62334466370942 -608.6945823621076 -612.04263437515499 -595.8274850783017 -570.535306604578
NA NA NA NA NA
-563 -551.281142851158 -566.20173760709 -558.1169925845434 -564.2746233865093
-558.7710702847169 -566.3783939771196 -582.40199220240436 -582.65788177080594 -574.86731991829618
-577.08303859140608 -582.91192699454996 -571.4324944640557 -556.7179284900323 -553.9262232856644
-554.90904800766168 -557.3632583701835 -551.289013313687 -558.45343367647422 -524.05389720322660
-515.94193823115586 -528.7426450327056 -535.14349894419365 -529.3249248752978 -533.29034500979742
-536.808792461962 -522.8413335412953 -534.38632512304514 -519.2108257387563 -511.41892556939007
NA NA NA NA NA
-483 -481.71101746155631 -478.87343455948906 -475.20522209423103 -478.93677198332597
-485.63127034631515 -498.1868737864933 -495.82736387236469 -491.43599542457412 -490.4175953548245
-490.0814535096048 -490.53624130736375 -486.36691459056129 -486.57094260554186 -485.0659979334876
-485.78019097777076 -489.1739067896278 -490.39093235897496 -491.977290540918 -478.26321379146577
-472.4406667911183 -489.16690881289247 -488.51881266109518 -495.0884583612811 -498.56280198647437
-496.9981695590995 -505.53057960964929 -502.9653233224717 -494.7354843538284 -468.4380749152635
NA NA NA NA NA
-442 -451.7558738641833 -458.61352152565985 -453.1204776590662 -456.43161776406589
-451.123226423117 -466.7239707513239 -467.6827018160772 -467.3150259010713 -470.8651609213982
-456.7038864183825 -457.59788497680921 -461.0885365021937 -460.36609805111203 -461.8477875743566
-469.7117501955077 -464.9936125168434 -455.73311322367044 -455.43349964488 -441.0569589943702
-429.3392532871863 -426.1219000067915 -432.4793979578765 -432.68799240009150 -440.7460422921211
-454.0948089300135 -444.5788810018136 -451.0839757042527 -452.8277603978914 -448.05288367308503
NA NA NA NA NA
-376.00000000000000 -375.02366784264655 -387.394439151687 -381.1650972335043 -380.9262199197445
-384.6697600134609 -383.37363643230486 -380.6362578019928 -384.26655524937780 -374.63375034982596
-372.0672898640188 -379.24677173192532 -381.42942457835449 -384.7319804539641 -387.4663469025905
-393.3827731874646 -390.18662127610446 -393.940756509483 -388.2609713273905 -378.9112463046628
-373.097616747709 -373.1219911587364 -384.22545922733690 -381.7978142124103 -370.5126806705453
-375.8137912175583 -377.0699265482459 -382.8736476249993 -382.8337480500792 -370.0132494829608
NA NA NA NA NA
-305 -298.1013320356228 -310.81768054081545 -323.5672427844738 -326.54965261434251
-319.55212208409273 -321.9534773770303 -320.98585319321546 -333.9490814046671 -337.16746967546555
-334.903011288545 -340.3509644172714 -330.4450634012651 -321.57954413689555 -321.4436918524949
-331.27156684890952 -325.18505022918998 -324.84294867983505 -330.56116917821680 -315.7596097903605
-303.11526516843145 -314.8042795179525 -311.2125519114357 -328.68217262828648 -334.88134110121752
-341.84502184431545 -328.2109154823886 -333.1741191195885 -322.1000168671046 -322.2023613203594
NA NA NA NA NA
-276 -265.0720653608189 -267.47128944677235 -254.08051296350826 -244.35630924829010
-236.39169293784974 -238.3657236099157 -243.2505808260919 -242.51168223896502 -240.35166106744981
-239.68411496561743 -236.26694942129575 -232.9176666329333 -238.8928851314392 -225.71912876775244
-221.43205039002774 -220.90228716345655 -224.22593837420260 -229.42925393662060 -226.8559681600811
-222.82714266242965 -229.11572955472232 -223.34545220190194 -221.2558895451197 -220.6674379173965
-224.7015080593447 -228.00046926468593 -231.56948971937058 -233.6027739172048 -227.9796495596617
NA NA NA NA NA
-236.00000000000000 -230.22649524789546 -238.21449566588876 -237.0144311767712 -242.5705945916383
-231.6290331765042 -240.62906173381600 -239.25613238779400 -230.9264963797344 -231.10359697326837
-220.43679160193156 -229.17808358487406 -221.54428435621912 -211.40126941586172 -208.4094288567661
-206.0261475082567 -212.20088414601449 -206.8396044693894 -209.21645606616784 -217.93572722062717
-217.0970944354027 -230.1946599507616 -233.7146240977864 -236.59878628084547 -234.5223798559764
-241.46427324452142 -237.311821028721 -240.963983453275 -236.87634824558188 -222.99140513587921
NA NA NA NA NA
-165 -174.0151378302983 -174.81352417265654 -164.14471375213284 -164.36339379140625
-170.27707813299358 -177.9539029672439 -182.70496101223864 -183.02362307764551 -190.8734701849307
-193.18458639419205 -200.8040835439659 -208.76216398300920 -203.9629749869382 -209.82553802716780
-212.55124652510483 -220.79952702695348 -220.4555462418539 -220.72250224531336 -220.8977785559919
-209.40240388532709 -204.43375386488492 -211.8007074699064 -227.57365683110294 -238.69281441728157
-241.0250795484119 -229.2699845311949 -226.3175599311924 -221.14359772345787 -228.4345709852892
NA NA NA NA NA
-50 -56.17351296130740 -63.90500032769717 -57.587285526338107 -64.40817860576163
-63.1253388188476 -66.0570594068954 -60.92662756867433 -59.252759790736825 -59.997870702748777
-60.125727556524609 -72.18171695790376 -71.64217774943110 -59.36267228453025 -47.64477998620679
-38.51292288496198 -51.32643844229857 -48.382731578344206 -56.0414661407508 -44.40224299520887
-44.00168922091253 -48.48433365186129 -48.36013874781977 -47.08244162179676 -50.48986188272062
-52.09727944440796 -61.246540989123119 -53.14893579782064 -48.41713151829851 -46.60629740966237
NA NA NA NA NA
36 27.591171492733928 38.58500907229095 48.8813360626039 39.1979227028088
38.338601228295261 34.613879614451612 40.97338803627308 50.76909599709083 47.759505034577991
46.333944060876057 40.67993352226382 44.648598199637476 41.50091826355997 36.91574873660846
34.3175562937727 29.50808084380307 26.39255579350456 32.6221191452123 39.80423657806145
47.67279449313394 55.95287917491397 52.525866402480311 56.789808791731964 61.363235651448250
60.62273162346177 64.90850622140071 59.767467453375374 54.02904750821806 45.886206160626472
NA NA NA NA NA
125 121.25440402790672 123.97369217268296 115.19766284330842 111.94593115270708
111.10848003633761 112.88087206057759 119.08541165405227 112.61917733708044 124.00857445452134
120.33095504560305 115.69148127858897 105.41608025868062 92.70300095782143 99.88018377763257
108.52692128517697 107.72678939867379 96.47442129055673 88.27739813334614 73.623701415834034
78.67974460420335 80.5852242114674 69.8192564587503 62.27595772200836 57.47671053000632
43.56206621209947 50.19534165514857 54.3243935047835 56.03417262101843 64.0296190110486
NA NA NA NA NA
