-40 -38.058211580783386 -34.96356995090242 -35.066601413888264 -34.08881624346
-37.45108528155330 -34.9715818266449 -36.24832194927171 -36.28773860435843 -40.25491675695258
-41.70622416472185 -41.200929780324074 -42.73345960809178 -44.61508335934486 -47.58984087909394
-46.749138974885518 -47.332508523858074 -44.69431204921013 -43.92672596824259 -46.24497349713212
-41.43044880079337 -42.49258909472528 -32.54515485990014 -29.93639338840357 -31.60841996479497
-32.254431498199772 -32.802680547326780 -35.244055401598111 -34.395696071927809 -31.786515937289714
-28.96953830856634 -32.910498718959751 -32.91001053840532 -30.99426290508019 -28.21937448010827
-45 -46.265772872231864 -47.22447785945628 -46.17595454579973 -43.473881850443753
-44.1273705682558 -43.378619530009743 -41.11183954670416 -42.11309670650463 -40.5060240508389
-42.20471852216876 -43.55597760841751 -42.364910151867925 -44.359695429130483 -43.02294150258872
-40.55456178695402 -37.131941566600659 -45.041555714645291 -44.27624045655112 -42.2264974236145
-37.039488698863650 -33.31362622122410 -36.59123456678682 -36.62558882518171 -35.408908859376389
-35.51495991481855 -37.14307003361353 -33.05829689667729 -28.679757356473409 -34.489469577803277
-33.71473936006384 -32.20047620907964 -29.321225380707478 -32.14637486750956 -31.28079973132796
-96 -96.26033762424440 -97.30849669783636 -96.283982144749 -95.99222999612574
-96.53981989247147 -94.7550343126703 -90.66457354723853 -85.653606187287252 -88.27231866357631
-89.373010777545375 -86.5244233067964 -84.819629834162654 -80.2623042567917 -77.47962916027492
-76.6841885016715 -76.80792031474027 -79.160259563612044 -79.256473701429755 -74.77847520453587
-75.98472645283196 -76.20756441751479 -77.136090103553315 -73.330293797949665 -67.67632663658438
-65.613175220091833 -64.936491622785752 -67.21552107455277 -65.52035572429116 -64.317145467640373
-65.5189845761146 -60.67334513227126 -65.101756425259850 -63.22701165760585 -57.24053730726522
-139 -137.2078219876406 -133.71625075538424 -133.48047145765076 -130.66024126363189
-126.18640589760264 -118.65309695657021 -111.97339190206706 -105.01502196462555 -103.12373703072502
-101.19144867627021 -95.3825389311654 -96.6935162860743 -98.65322057315335 -99.0930242580555
-97.77676592094929 -95.80226840770756 -98.42623962460154 -97.76375332723130 -95.33507259204576
-94.48121045918525 -97.99045179332110 -94.9405403052224 -96.12201207246943 -96.7741295805325
-98.45125926108194 -93.23842600743485 -88.947522326182977 -86.679228349533332 -87.25813611443384
-83.6505112874003 -81.953790209260774 -81.9035823177439 -79.85941793520101 -75.389196252912129
-129 -122.0205157679874 -123.97956438038885 -119.15562330079949 -117.0206545963408
-117.1758846895477 -114.8387033724625 -106.24795573519486 -104.45002093332729 -101.35724917948926
-101.48762790374795 -101.690714470605 -99.45740352066444 -97.94374535026509 -93.52240244528114
-93.30444864668526 -91.0985171946475 -84.38432985273099 -83.137543113640461 -83.94850660965584
-79.685124390242748 -82.48132486255248 -82.116666913133258 -82.46014158503232 -81.20174611127248
-78.84171032240479 -77.10658843061555 -71.928371093916 -68.95229514833095 -62.8676317772717
-67.22561696510937 -65.518623348987845 -67.84922486539284 -70.11930034321892 -67.389327450935539
-117 -118.2083453374181 -113.9607568854919 -119.3281801702532 -113.97804431398464
-112.3891308909835 -112.5857649936656 -105.24844215826788 -101.58403958024327 -104.64836511031397
-101.60401571801975 -97.58851975786713 -98.11985354241428 -96.53641183045217 -94.60367514042662
-95.75905085541967 -93.72279752623703 -95.98781518460872 -97.90315074841611 -97.05865646373827
-48.028050142299470 -88.99848098852806 -83.589569792101784 -78.90464018540857 -76.22757451725093
-74.884487856653820 -73.0996420419247 -68.527748068101417 -63.651126908514513 -61.83582429476743
-60.07445083164597 -57.92787510115562 -60.29048516603118 -59.382984783991006 -58.689314916311915
-97 -97.32147427921240 -96.02745580177819 -93.91104517898367 -92.4117560102107
-90.54539309334214 -83.188642436748310 -77.87110889127263 -78.9945644141178 -78.6166253301669
-81.63947319713007 -77.671686764046910 -80.84775951188436 -76.083274801924802 -73.64608822762096
-72.24797222746686 -70.047778993290223 -67.35154806499388 -66.31678364665655 -63.62025797607246
-58.39576338678837 -62.08377075702639 -59.24375287648535 -52.88246650051452 -51.78621934199636
-51.436707331342021 -52.961151172523238 -45.81176824838192 -48.47094890905576 -49.959826724973396
-47.920861386710030 -49.962112109295006 -44.343516432518918 -45.381993401911060 -47.70045852167085
-63 -61.14595298637022 -57.63450298632391 -57.2295948584701 -58.97836075411838
-57.0203060945705 -53.78330075306265 -55.669264696183419 -59.65289808889838 -58.0571279762039
-60.24455037228018 -63.63612345148869 -63.616975596793743 -65.369259171956998 -60.62604511516759
-58.88744126913726 -59.4163896757841 -58.243676248983284 -59.879150378112648 -52.98515113710209
-50.324932121382105 -47.882501401632474 -44.44706938500066 -45.944465850226 -46.58606175461233
-45.69232688050306 -47.01707071697718 -46.761746730926241 -46.86301459071777 -47.05920701581444
-41.425177920311910 -38.14683471065264 -34.875798906163951 -33.80181011168494 -33.35708262530957
-62 -61.22897673252425 -57.03891987686735 -53.2094751281932 -54.647937504385020
-55.305329602778052 -50.860721481902800 -50.25704606789512 -51.79175669218342 -53.786279521492091
-54.400934005786297 -52.45782509819866 -51.10915998938722 -50.590825267595498 -50.747771595786247
-45.99194290026779 -46.854517710140591 -46.7630248616607 -45.379044858791893 -44.069655251715
-40.32442075886732 -34.048602231061921 -33.26152537161354 -28.59835551145402 -27.66781543774125
-25.749793185093651 -28.181012985131652 -27.514145612242221 -32.868820193430260 -32.11057222091923
-29.44419676477067 -23.34921510835946 -28.78088927619538 -30.47986957568823 -28.78664502405387
-69 -72.10763613650626 -69.22606554623624 -66.94777283364273 -65.41063563662216
-63.06629084743812 -60.183122740883064 -55.9375985745633 -57.50210134726978 -57.39075608414513
-56.921461251011195 -58.65122469007098 -57.58847559555618 -58.498348315270498 -58.225015564755822
-53.584119384030188 -55.128026652914109 -58.32811175092726 -56.27006039731010 -54.81234963086064
-55.09841682564527 -55.499475156389408 -53.2012421176305 -45.94222785227974 -47.415222335804451
-49.8315255488866 -54.62573156589367 -51.040358644899278 -47.48955863427847 -48.793286293623950
-48.165084393444545 -51.257983503652355 -49.511677226771887 -50.295035699878504 -46.16759592881536
-39 -35.66196122791827 -31.418595508984652 -30.316174247007250 -27.25850694678420
-27.98409819769757 -30.017934077113274 -27.945221296187754 -29.71311661158605 -29.073041784514359
-29.9954338762689 -25.49259031682868 -26.834088316011904 -30.302623947779040 -27.87045103750179
-29.62478311155741 -32.31557013811889 -33.45156782014906 -35.59322846365962 -31.317860933657730
-10.469127572450375 -25.33430790653061 -25.286920314833967 -28.871026930271860 -31.56310974158764
-29.961442471358492 -33.57684839122088 -29.040926440871324 -31.168211359830909 -32.0491487744062
-34.53916994205245 -33.356007400903017 -37.582540961888157 -36.855409794049592 -31.03685920988151
-139 -141.3686694594426 -137.81410581585521 -137.34687993631613 -136.60792976283346
-95.24460196075266 -132.50843558146542 -127.8627765523372 -123.9929744342172 -119.53953121223637
-116.94262896794633 -109.21068237290021 -108.74861346400836 -110.50509196381243 -106.04973285004233
-104.37123351586422 -103.89727047034964 -103.21095134363793 -104.66494227111303 -106.35860939805704
-12.299882137282289 -99.3276490214957 -92.80989073074652 -93.2991046700469 -96.13862517956873
-94.92759694823746 -91.93940415174093 -89.718171611363516 -89.006389743890850 -85.57743700519163
-85.39029314456965 -81.97672177402561 -82.88878043335313 -85.938509410506171 -86.0350586047374
-487 -472.96608963710247 -461.0215029678066 -457.48160059682243 -445.97578363263898
-95.04031616398080 -436.8243465995866 -415.9831776340952 -403.84264826004983 -399.2947707897803
-389.6699604862164 -379.3404412588087 -372.83253251332980 -372.4664736556184 -364.56185255016993
-363.41174811991243 -357.0359223879597 -350.9723615209343 -348.49291546148186 -349.0905803722321
-77.30573253895656 -345.85901204482298 -338.7454559263974 -332.58489116300842 -327.1484067552868
-323.099544624773 -320.7354952982542 -308.08801130995511 -295.30658273125755 -286.9256829430034
-284.95099033380234 -277.687514473269 -274.95735245341029 -268.53984818319503 -259.3141850677883
-786.00000000000000 -766.06470857991303 -743.1434806575836 -735.9503633439653 -717.5634083250494
-27.57650412637030 -695.25045026129271 -660.1608705760169 -649.6883412199057 -639.1323982315924
-623.4042189761664 -610.7174159236024 -602.70396499153492 -600.5189749462478 -588.8614465719063
-580.03578850370127 -565.953331751191 -556.5650559263727 -556.4429461598984 -550.75138079479916
-157.68162889622926 -539.35005646487480 -523.46251677361852 -508.95476885310757 -504.18765224163519
-500.8431369875058 -496.1322953745144 -478.3176570782423 -469.16454894808197 -457.37074090880191
-444.46845900458504 -439.8337276898764 -438.996421645863 -432.5778201933235 -422.11648507342846
-716 -698.4653073970367 -683.28829073949646 -676.4243529775677 -662.5772391261113
-53.64777734199405 -634.5008320842006 -596.695879288178 -585.7142632132708 -574.1986489924383
-562.8645032771942 -547.36657797807698 -544.83533808802395 -541.3833003240677 -531.43903168685063
-524.7674981014786 -516.12692780747614 -507.5956347175548 -512.0496857972590 -507.74112102068199
-264.15243955795398 -487.82413866771208 -475.811504821947 -466.19803682763722 -463.9503949164913
-458.72599130709938 -450.33124912663283 -432.0842280476854 -422.4962589232467 -410.5957157730032
-411.47901613933664 -403.8774653153084 -402.3621495176277 -392.54947085423152 -373.4541081645806
-386 -379.7892015133946 -367.60750427842373 -365.0405796591432 -351.2714739472099
-94.37103697605120 -335.6338234329879 -317.89779386781061 -312.2966275169529 -309.5200682500916
-301.68597134570945 -296.6003832828535 -293.9592685303734 -292.1885729336628 -282.223350452443
-277.84219823474018 -273.9865436439597 -269.96711087095576 -274.9091278252895 -272.6253516611742
-264.96303947504100 -263.58947175547451 -254.4867160105980 -250.6522752973157 -247.85521308082102
-242.4837764448273 -237.5540210370403 -226.824388155714 -221.5818039049537 -216.88206116406769
-212.83924070881278 -216.4368056039223 -211.4895841393127 -212.8049512401588 -212.8588798204541
-33 -34.869634639033436 -36.553028294681120 -36.70111264177017 -37.319834619538923
-37.26597235170132 -36.78548879178303 -32.0879885274591 -28.09167329734872 -33.050715475761059
-32.96426147645818 -34.95081924099273 -32.70656979465235 -32.671936369030860 -28.21967150137104
-30.234199547109995 -33.25489197195854 -33.33752130793886 -26.90622446162761 -33.02546115862199
-37.38043704626823 -33.97054142441447 -38.717425453291945 -34.9775782686455 -34.32714967597136
-37.93848771229280 -42.13340283911278 -40.91925537269718 -41.2775618868635 -36.285844910925505
-30.157684623572422 -26.541531596109991 -22.942304823244804 -24.46800034607061 -24.691145139351239
226.00000000000000 220.82790176435088 215.50910697017929 216.6137132916490 216.9635440832994
213.29730437803809 209.0631567966855 196.8864205041789 191.33408677986705 188.68644417351243
187.55621219066543 183.4139688533567 177.0075147077598 173.993425477446 167.78544202741438
166.87514875745805 167.42294517962378 160.942768986491 159.5186987421905 154.33235652272629
148.48189987000393 143.67741581090567 139.20793431431633 132.7345030188792 136.03221429823446
132.39732795745425 134.9396995653531 130.75412400160650 126.44228516311503 117.32573450522987
117.43918127106917 118.03870172022856 116.29982024188945 114.45439850443736 108.60842789038055
380 368.9944669109639 361.10807370563981 357.9033556278113 350.76139172484335
350.70450451747155 338.0202530037020 323.8263357016154 314.62141551207446 310.10551797268562
303.74321864810503 298.0447307872244 295.51138329165502 294.56429922276999 289.2218099033030
286.3934594977706 280.9523920019971 277.4176568363105 278.64091499809820 281.2011448396999
271.6259307133012 271.08653748286741 265.9193370432512 260.41850797085704 259.7656968728674
253.3179807243283 249.65889516402021 238.2331288859661 232.1768132168318 236.56517962495897
232.45311121883711 229.9292504145267 229.98542637492119 229.58163747174495 221.03509988716436
420 412.703935685225 403.6457731653711 400.5234584089678 390.6520045184246
385.38847938904689 372.11408189190121 352.04336609798202 342.6137713595162 330.9801809815515
323.5480384281191 315.55899798346456 310.29132907108743 311.0999388086835 305.4089212222831
305.08246577523812 298.7128834801613 294.66687269151129 295.5373097854061 291.2592558794062
285.5474936733691 283.806790773702 275.2717893456356 270.59298296965841 274.68630749996288
268.53682888594443 263.16382171833908 247.18283882525691 242.3257444571563 237.6502145836547
232.5523508525811 229.43970681688324 231.14821311480651 226.0367794438903 217.51037694114552
371 365.8637143962011 354.15084513172570 355.7274201008364 346.4071119661918
347.7050078479434 341.9794990731103 326.25922214376476 322.1806373818671 318.5210013689740
311.91747257228826 304.32717754515483 301.608761988121 295.84518329194526 289.97196570383483
286.2675448348436 278.2714598997424 269.4060975793825 265.8024758075707 262.5781099900872
280.44534123363451 259.59758704074795 251.2909819830626 249.8892834663046 249.2700620912896
244.71504713067299 250.7530640675408 236.6251530243054 232.11789460966702 233.1854782640033
226.2300904526556 225.77148587524729 222.60730522823943 220.18014355214746 210.50093395493025
312 305.34952449822100 297.0589390810671 295.80951856686801 288.9430487779829
286.412955377792 276.6636370221292 266.87684302185545 262.90658973509238 263.1126708995786
257.53534471474143 250.44238934112539 245.1004857191571 243.6614462671399 238.11382209382580
236.628422021091 229.37858884487275 226.1906218860838 224.73223495661588 226.0481596712592
423.0619610149647 228.5029132870187 223.94419559440738 219.18419638769268 221.88231959195770
219.09201662464127 211.03225236047624 207.63746511869536 194.87039923807578 193.95431730776639
193.02429162880512 194.4033632066686 191.7025734073481 190.2571929801344 184.12001883198272
244 240.7001867580489 233.98305512624904 234.4334464466803 225.29399991997494
224.90251514491263 218.6702643274033 207.35236993734679 204.20286704714039 199.44272704109960
196.83569401249952 196.6940521776725 195.2187797119969 193.32367459775895 190.93053814081958
187.95622830327434 188.69323013116426 186.23071127329163 183.52364483698673 184.56705150362708
487.36517432569900 186.07222511212115 183.9246083981688 179.2972474179294 176.5463216861281
172.9816217553406 171.75472213137593 168.5667530983358 163.71101869378219 162.6594510644744
159.3718228866982 154.89207459507293 150.3634420202219 149.3773233319374 146.7179148926187
168 163.55637328167256 158.8310977948638 156.6239244503041 154.64256517499388
399.929839065332 144.79168986200963 138.50850651496123 137.99736235879348 134.35938276225207
128.75368517585053 121.58704964138249 124.9983798863913 124.02135943503538 123.0396643584056
118.72382180471325 114.85637798885600 113.8690837659918 111.67764128180536 111.95111651508550
468.1709017559686 115.783105411352 109.90428679964484 107.6120119791378 103.23411034470737
102.9581512220709 103.82858086829873 95.07210286031778 91.48333766994008 92.8638415779422
90.82154436272617 88.972364498694631 91.51699620860941 91.13480358094507 88.17598454620143
138 134.75196383101004 136.02727955930672 137.45684844720151 133.81840558351257
647.54289858307061 127.4695749299498 124.41807137742867 119.38974179611121 119.05063216009189
115.0282607123278 112.85968452566439 114.96102708142436 113.52145787000200 108.74346119243677
107.01083885947165 107.9581822389519 105.40961465186751 105.7706971081785 105.67061883891641
426.5924337818180 97.86388283140035 91.15404185812929 90.76512533455130 85.23666857162355
82.97558458134723 79.37190630480190 78.53127798637621 73.57717944635525 75.533680707584182
82.05347452806015 80.785321754605349 82.17884522455411 84.85296340678880 83.54009217742622
105 101.80202040324245 99.76165957560383 101.4607358522215 96.34463916630840
748.95069149761946 94.88569281922736 87.590295583494 90.0328267156721 86.885354064066760
83.1565454017982 79.73025189650490 77.86932789470252 80.16623789474158 80.73314994898030
78.61626410985465 79.4100213135961 80.510726208315475 81.55783921971675 81.1456673810915
316.1560212729613 81.09514994237819 78.523039374332953 80.29213116486993 83.479786637951094
83.11473946198913 83.09565990097218 81.67947189645618 78.274418264877724 78.644180143124046
76.01084547618792 76.1131627188711 74.51489555974896 79.16020233260735 74.80229313900325
38 35.59175700541444 36.08858051766558 34.0010816430317 34.211127137124933
704.48362527593576 31.608198274408970 28.23333880597117 25.719546531201161 22.517379488725325
21.669528600696246 15.346030055650742 12.256296782328498 7.2883866295218596 7.994658005369843
10.178094181294352 11.397080297293579 13.165085467220027 8.356285141360315 10.0318903760876
264.9300773799884 1.889506743641975 4.7016877246090036 6.6762640996249472 11.337151274690607
9.341726660939262 4.617048197094804 3.482641374997967 5.44824444074803 7.869542049873017
7.0829858892266540 9.401161427962730 9.988593728054624 11.878099138723545 13.030282146250562
48 47.790660600998550 50.54954539095844 53.522670460280963 48.98289445154074
596.7981941019844 44.06603972161628 36.71751084168802 36.30019627118556 34.24175332112674
31.730996260383378 32.499364708141677 31.092902708859093 30.228469276669522 30.48493157132089
28.7440676794759 27.934547972973533 27.29838498236606 28.89529244882718 24.783030074374693
235.85917091212 20.66266332521391 19.326737109795566 17.661924067954562 18.145376819657212
14.179622538225299 15.062706331516326 12.252833449920015 14.31627823642266 8.526998093051237
1.1178071132896594 -1.8476119999135976 -2.951748794906235 -0.027534067245278848 0.46817811096053591
76 72.509409659074379 71.65836670879773 72.90561956182732 71.52298027101986
454.94461038270913 71.86936247558485 66.42386835412512 65.778488161188974 66.9872323995478
66.416025461621018 69.69069099160775 66.68233037991433 67.7909766019076 65.799060212173075
64.14614211516439 65.63260578105 70.37888617823972 70.216722517724619 72.1489799736386
188.26664920549490 77.96065779807051 78.2985269909094 71.884379501687675 69.263475393112
73.851443752274534 76.805638127864242 70.82464734054678 69.09523883480824 70.78474426126506
69.565549206527351 73.2590303873404 75.94559388810691 75.16809671282591 63.66121650850713
67 67.745925827844502 63.6221377812622 62.0271942961968 61.007462949051543
405.51165229807026 66.563787417955254 62.290660842324314 62.553272819556312 64.017186218356201
62.507789998872845 61.12559925357577 58.720223277154844 57.25175288246165 56.47683321735758
52.733787504882116 47.80575043338943 49.592255024494506 47.786405263664037 45.67598869965267
131.70646629044469 43.59941164777204 39.630896086860091 38.901300925318743 39.66141177764061
41.88122140435486 40.66724179916686 40.526294746157483 36.52139913119123 31.062862300295912
32.240245830265977 33.01714581887253 33.24461093983708 32.258885479536673 24.73249083586172
65 62.6764677799287 61.03986916814684 61.79187845868669 57.311180093536187
347.74235402189584 50.505210018260676 47.18214608415284 45.49465031294623 49.332490787367810
51.595228670966037 52.833443985782004 45.44293626987238 44.475192071352822 39.432158830376174
31.493022667221194 27.21537656508297 25.344854246844729 26.07552715565763 29.83078971709057
122.85124006788728 25.75895949577476 22.78494412861153 22.935036934441765 24.338118295821477
22.34784703791123 21.464597857827872 14.309981957740925 13.208306786366734 13.725409809054746
10.906921993364389 10.402464910947229 10.68793138495971 11.429477128425473 5.5600281304179751
35 26.61353276042608 23.952008885511237 22.369141262003104 21.5811767656102
276.1701796427371 22.23941040351939 15.435288205929197 14.18491071990545 16.75448470256395
20.720655766328655 19.813079079321849 20.075018697145435 17.40139505202185 18.505091739946998
17.643872260913273 18.55334053617222 16.67467381315881 16.01423708576318 17.65789383945818
106.78807324531280 21.04703773087014 14.18344989014115 10.013644942358553 8.4354213732847310
3.121637071646723 1.9593894387965900 4.028502277703957 4.184721117249486 7.713534006222473
11.441803771723428 14.446905282716626 14.204124544811453 19.323593736581707 21.338787439729927
-44 -41.90572225500725 -35.44638467082267 -32.376996769016301 -35.82704235344178
196.27724508410645 -34.731372138647558 -38.11961441343855 -37.04555127802495 -37.29961473863496
-37.32764211288325 -36.89766478714872 -33.201618621861307 -34.61132284603834 -31.5792129543066
-26.72429391477836 -25.039586540733577 -20.493940279180809 -22.75385849647125 -20.23771911579932
121.38893714127886 -20.74964369293716 -15.817564252016364 -16.1697081098516 -19.01468918216187
-17.626553450731578 -15.79547650970124 -17.375095175202787 -17.317562471534949 -13.802325225128723
-10.642352323369582 -7.7800323546267114 -4.435679129013761 -4.1888310006698974 -3.409295183944502
-85 -77.563493837898264 -77.05606686412108 -77.2367651181409 -78.43984499634544
162.38183603546329 -73.32350747244716 -68.569416132460447 -67.91703923783663 -65.0951413545046
-60.9705560628423 -62.37014812066115 -61.04965971045641 -17.927664865930812 -59.45553016851168
-59.14457226373575 -58.93136388014442 -60.013181630784608 -58.86984486551373 -56.96817417898223
68.52702603118223 -52.0199569488068 -53.15699236315472 -53.366696403479246 -54.96191735864134
-51.486704074308399 -49.08753821564334 -44.31600586398355 -44.59825712602188 -45.27901102077537
-48.96549052283579 -48.689252713044553 -49.540090274617818 -47.06692663313085 -42.1242015792916
-45 -44.89500589588197 -43.823088087207914 -41.9430770531667 -46.73290420858763
133.9318246670713 -50.805994003923246 -47.957426144858083 -44.703814379371480 -46.69200002131533
-43.61796456890427 -39.15950735005526 -34.33633154538293 -35.88532568033098 -34.737218062680441
-37.82896570904869 -40.74555119792342 -39.60681265089073 -41.23963207272205 -36.55530457980380
51.371903541202798 -31.963224492808145 -33.84360196063925 -30.00386008996503 -28.17987076853331
-25.38370974579625 -26.26764538315368 -20.87641472127367 -18.7554735666419 -16.546955666810291
-19.47070710379157 -15.61479526706297 -13.558372422712125 -19.166347435021454 -20.565338188107351
-32 -30.7183166391998 -30.38483138610142 -31.734084415391933 -29.972463631470639
134.626469240268 -29.706983937518135 -30.527404731731167 -25.568420750356765 -25.424631586749740
-18.764186956094775 -15.217775261949296 -15.077308677106316 -17.852156244364402 -16.428712787717501
-15.127904300710716 -17.522421164781424 -17.329509917487407 -23.016991636440153 -23.44493388966542
9.759024412566694 -23.40591449265533 -24.37471433983967 -22.32477383009811 -24.28968774320242
-15.097508531775386 -29.74140162829578 -30.56291113266959 -23.506929942136402 -22.86763745660808
-19.85043755293974 -19.639675135450673 -17.957652543763739 -12.20874062736039 -9.596151364217956
-87 -85.26094453946294 -86.87599252209037 -92.19289844832261 -87.31538997432311
105.6331742626059 -84.846092247549819 -84.49181400362147 -84.14322834962053 -85.14044102469781
-87.339220296312106 -87.08124595695662 -85.3509652443707 -88.9158059553064 -88.656637550980719
-82.25512573402858 -82.29860092778121 -81.54810934427564 -79.46931303793957 -77.28936694706570
27.465656320615764 -71.5960504164974 -67.50252796448656 -63.915671414224377 -65.55371782817180
-10.480839684532018 -60.642920916391702 -56.24114710249280 -56.91193126225342 -55.36347231026186
-54.746009712661198 -56.422868595846488 -52.55920326443734 -49.61516395769212 -43.6026154954403
-111.00000000000000 -107.83546367936188 -103.92877520934530 -102.72479447809073 -97.04878651999853
49.740709639590094 -89.887194666083701 -85.46667668412636 -87.136190598322159 -81.897338872430851
-77.040874485187516 -70.35554922838423 -69.20264138022434 -67.57690326184472 -68.67651825818527
-71.985270716668751 -67.594604023935247 -63.34781492814670 -67.98657759095475 -69.939129114808452
7.4634288688484265 -71.98958751555288 -71.113505107883682 -65.73098492632573 -68.06744900896726
-56.960681402830595 -65.71155825884118 -62.69766646383498 -53.4476337091793 -52.04819107772679
-48.94371037380476 -45.88817326521765 -49.944676465886424 -46.496339561802607 -48.73709490032984
-72 -74.76503980827425 -75.024545476775600 -74.801541580979475 -76.8824113047254
45.721414440746436 -69.00599475393297 -61.336226641777124 -59.521876566864222 -58.48391599815973
-58.624741475110014 -56.40902419310504 -57.7976576630152 -56.406161314056369 -58.565209856997413
-52.695702144107962 -48.957798466713477 -46.5781405392553 -45.74477596077867 -45.059367306521551
-10.151460808444353 -47.08840687135233 -46.44591269557605 -42.76592771593259 -44.13518242127331
-48.090680521174036 -47.22554036770232 -48.989697549283392 -48.81972075452244 -48.507352889058495
-49.053409972630853 -48.03757601990918 -45.099068007386 -45.4950698125746 -47.07564244264175
-76 -78.916586929954263 -73.593581854145469 -75.03347836484090 -73.84850219147374
52.213906560844606 -74.56290641470382 -73.03247701557780 -73.7609196043417 -74.41721995469894
-68.98870813762417 -67.565944959413386 -70.38715323726038 -74.60434641600348 -74.783373295677521
-77.9470426424368 -78.81563554445373 -77.623025445038863 -78.508881488140403 -77.8423943539441
-77.314761361555384 -78.4575258089494 -74.3138994852417 -78.25939055975755 -74.54162414409092
-74.71050474606456 -75.541827878463 -73.620627434246643 -72.94011894573880 -68.12869064853315
-71.27148667190893 -74.126493571506956 -74.92980045602117 -70.98095149081422 -72.86477657382964
