-30 -22.954147955548400 -22.369759436357857 -15.758960610568579 -11.286287728147251
187.3079299735336 -4.7962357819162964 3.234193576469615 -6.53461296194197 -13.37798466732909
-0.68442912708968962 5.63613645918242 6.328403962040637 6.747971011939696 -5.9098099690825059
2.297809416659762 0.016344275761844607 -6.397297858844478 -15.222119792355256 10.65294187603154
15.588406794545268 4.9992297138226380 3.555741500485526 0.9902280637028991 -29.67434235933131
-15.702195434864215 -41.380323282600870 -54.934900617444747 -34.99437526114593 -34.29962417141683
NA NA NA NA NA
-41 -43.279074647619325 -47.176362270505990 -53.985625470561502 -50.799271486969275
165.2922340066327 -70.744038714600492 -79.812086114072230 -85.87364538321987 -77.273419288246686
-80.84090053435719 -106.55482498031344 -109.61664387092355 -105.23886734364285 -105.26629116962494
-113.26705055717522 -143.5690235160842 -142.17850652386409 -134.22049966775919 -124.25090171341897
-141.82423808932009 -156.6415364782998 -159.19541757244829 -167.32978352669670 -158.07114998471101
-175.51770722715978 -163.57724922802041 -141.60885830904294 -134.15555649605022 -115.30418707454390
NA NA NA NA NA
-36 -36.787404006663252 -39.88616886813654 -55.969487175990515 -68.1010141697669
138.43944187838844 -51.860451197011692 -49.57149202756943 -46.062951154144002 -58.97049924592525
-29.69215455955059 -17.74969842928955 -23.241972864284957 -17.980143338869837 -31.33235108560084
-23.094710260430784 -18.346655300199835 -28.51359440346208 2.7162629727709273 18.40558563829523
23.58491717659803 25.26664884786672 38.77772322599367 24.740902775754698 3.9789725298359642
-24.41848899051207 -27.97911285240917 -29.823339697506903 -16.295621063339006 -23.75292991536489
NA NA NA NA NA
48 43.18079080368391 55.590950138781949 43.35989261292285 54.92968534991935
151.87380519339123 77.9467846520106 102.52047225989025 99.38544873604222 134.10208099617105
112.94096258926378 119.44550227678945 98.6559936194647 93.62827082851796 91.89351258985512
88.44098990163295 86.17131263752016 84.0726329162267 75.29051028680277 68.72377868891995
79.24067671355907 99.4826844626994 101.1107560763031 103.50671082944 103.61162979232618
95.03103521428892 99.7107126507572 88.856147325199842 100.89728848544982 99.34992746093897
NA NA NA NA NA
95 83.512496526266091 79.5159026317355 87.14996293031895 90.5055252104496
83.90735521862982 89.33327124503997 98.9100449023841 125.53859601649927 106.49056167834992
87.298435821952893 90.18023958200627 95.30706016658665 95.51323018676034 85.1535457912876
102.5468836798325 99.52112544111851 102.21718221625758 82.72097496387676 86.20879917050959
88.765291770365792 84.21391186293795 89.53509956009658 112.47898510502350 83.548028720867038
78.995620383603807 70.710642716623198 68.72375218483721 68.993711223093470 58.50461163909684
NA NA NA NA NA
55 57.61756864982574 56.989574077883283 59.90810559284684 55.404426293683791
179.0105603513464 72.86636833597879 58.4462407099688 61.09077068933082 52.66028529530428
47.670598844332517 55.93919865345721 77.56118708800314 51.17711013719241 47.810780897955681
56.475365416905504 62.77122219357042 59.394611210645003 56.59480522928973 38.44188244583662
27.90133815068333 9.59978688785725 11.271463248190720 31.02859483601703 41.2545853304781
43.05835584511943 61.38645659153187 69.4509044541017 72.91981232128614 79.29227208113178
NA NA NA NA NA
61 53.871226849449833 48.714936173775605 51.88635529923159 51.50492715047579
67.845545324549306 74.559549489484553 67.41395214228342 87.668172800614101 92.93934189971617
84.41214496467964 64.90975745884148 47.01117267224707 31.471987106831328 19.93357787309362
25.265882621297287 14.61716250655569 11.826301238157912 3.33961090884809 5.934684733273862
21.47321382248795 15.293009315870750 14.462211275184705 18.2892679343356 29.294279011225747
43.03786891068843 29.85246719277654 40.34822116249016 58.99313919613017 57.89592842954477
NA NA NA NA NA
40 57.14430948844957 43.096955035750334 39.86484953566912 22.24964276316768
52.986335593491773 37.431454735297748 36.70538965554989 15.75226029019451 25.69973752581538
57.030122915465284 58.086580234664147 63.499068769185051 55.043824198985618 63.562153943338
79.98422128941837 76.2896982144332 75.92302660378208 47.85738601772337 71.47564764593687
61.269806904952461 62.983293679303884 63.62547752223554 42.44810446139734 28.92957026710842
37.776438058152578 36.18106010432112 57.95425966275707 76.88493464294778 101.43062756322203
NA NA NA NA NA
-7 -1.4549793806589220 0.12522394384906077 9.887170536249156 11.814366300605338
40.01187607837630 -16.48383513960348 -31.19535340451358 -34.94092503743990 -3.445846302488203
-3.778783981810069 -5.737103765404866 -15.471831865642525 -19.8913656810121 -25.93685724086420
-34.356044396256479 -56.22656057281657 -61.6205111240942 -51.51435084736341 -45.42991445026527
-44.26229078584842 -63.33050815098593 -55.787376849531 -31.20513203539711 -42.32646478794268
-73.720737784273453 -77.55995926745476 -98.32072343715669 -87.886729625224 -97.01252066084960
NA NA NA NA NA
-31 -28.578805754264387 -39.179851621966407 -16.712208526097527 -8.8666021238123687
58.15417654041808 -28.16614522282320 -16.295975421710722 -33.52458481335161 -18.02421465273578
-10.585398899788935 8.546661657497856 0.6627567632996865 1.213110300237163 -17.94684759982747
-38.97557388699402 -49.55820500298978 -28.59647106108408 -52.374074728405731 -51.486175499654
-57.59322018618487 -66.05585018051997 -62.908095993183991 -67.894653185420310 -83.068143226031822
-79.6045201945254 -69.73582951699836 -53.541814935946654 -44.71239331776119 -43.496413135332915
NA NA NA NA NA
-11 12.82960094304326 -3.535026923617815 -5.194916118193235 -9.884554844436984
8.8245776889585397 5.539537578629067 -1.2172896111006013 6.39005716508329 -15.8264454235172
-3.9172679642399579 -3.915503452448196 -6.0008365910597989 -13.234345136132962 -26.12324718354434
-15.476246396596196 -11.335917694071263 -5.3122585872269745 -1.6653428664648273 2.072978402084374
28.263562067209531 40.24043869270552 43.164828649384020 40.78568455509451 51.256897646803061
70.386136807330146 85.68145061270326 100.2535321639931 87.62698782430338 97.21071034774086
NA NA NA NA NA
26 22.71159359729977 59.3824464350699 54.12852736922073 74.635402435771041
79.09587047377856 67.9699151902398 79.280225014391846 83.7731516911428 80.19521818834573
44.92791814983885 41.419458616238870 34.702109808009006 33.800329247260755 48.8593679511748
56.149021844166057 67.12252256701794 71.016404492365197 83.01398985911402 74.63671011581911
79.51273284275659 79.680083918280033 82.008337016112179 94.5775769880235 103.88870210754173
100.42057351825702 85.27754305132954 85.678385633164311 92.08497150231193 69.02566746275383
NA NA NA NA NA
200 202.3437789432413 202.70510227321893 184.7036582964978 186.533575541396
176.78155090937256 180.4598286397638 187.8689998956389 187.42718869596814 223.34191768855487
219.04504497712955 223.61042575596846 243.4751299641339 214.1026349647203 210.82177834421128
184.3646891906457 191.77038289931266 174.4476574383123 192.04689595552378 200.35257450011903
190.68094618461447 224.74225748650690 191.30046515901191 208.41522106130009 209.13061193665695
220.6258556303363 208.20596751862936 210.7177618971089 198.31052914644627 185.95247751404179
NA NA NA NA NA
469.00000000000000 447.6006214030060 459.97200680281742 457.11720931537 452.8273810361173
462.39254520093812 470.01942961924988 466.9761127042783 451.91895374319961 439.6179694859801
439.1529073914808 452.90986059340037 440.2239363622657 414.7529627278772 405.0724999801678
423.87897172380588 429.3601991206629 421.3842638810678 435.2342711470819 429.9784382473614
438.64994602945399 437.3121546956819 441.57456588274169 462.5751702683993 481.3479683710685
522.6145287312436 510.8851742674451 522.4075486474093 504.6345798651956 508.08906502576002
NA NA NA NA NA
643 632.3973125649744 638.92053051541916 615.02394916287756 649.3349974143742
632.91187302291451 634.8997069810094 654.4898240039030 660.30085411213429 668.57676538609633
659.2348128613553 657.47916048208788 648.5849694365884 663.06273308152731 642.6675921810076
632.926740827241 651.1700634776205 662.04524414244304 661.996240586697 623.214559624533
608.5949493078112 604.1082841376 598.269622290342 579.5773630576856 615.81072416991447
625.0492072915723 598.91078980243151 607.6324183777142 578.9742339099697 597.0086227381456
NA NA NA NA NA
811 806.31690809489248 813.044414498773 790.7741750497 783.33401505214533
770.9981287620622 764.00275755774510 802.9470995756207 801.5525930987733 796.9224001762426
787.87255716070479 777.05126777872 775.173706148376 789.062702538879 771.017271082578
773.608399461075 783.60293690806657 786.494213479442 808.8040167854990 809.087937640506
808.9178764747077 790.8320249896968 814.3132513847598 821.9974903027692 827.0009715296085
852.8917340526702 857.838406692066 854.9120084212119 851.7986212463875 826.8403302659857
NA NA NA NA NA
1089 1067.3915298112595 1079.3850796747313 1057.948669839315 1071.449829739324
1065.9522979586693 1094.7303870147314 1089.0890216634309 1132.022976174163 1135.4471086829885
1136.2711431265575 1131.9048574930384 1157.564823719107 1137.7125519348049 1105.3378271288539
1133.1331602290320 1152.136847806929 1157.0806305746928 1169.460027071964 1135.4739744679221
1110.2497358856940 1113.9282532691195 1115.476149200595 1138.1966926509124 1171.895989816356
1213.5239343499613 1195.1917276663837 1203.2539725047254 1208.4391595350178 1175.2815230532340
NA NA NA NA NA
1198 1170.2604820796591 1226.0484132186625 1210.3050183623559 1226.4110230555088
1226.503208363045 1247.663344177803 1264.2400094468424 1259.3250535084085 1249.7071579843609
1260.379740618839 1264.9117905604483 1257.4535338713411 1247.952001842561 1227.0522576914875
1248.3242416506389 1241.5195052786905 1210.789912065964 1208.348571891238 1163.463665088752
1152.974690407598 1156.493828321514 1182.6322043068578 1211.4508401924729 1212.2303233535106
1238.020939048747 1217.905712921906 1266.1712778903238 1254.869657479107 1221.6018305561902
NA NA NA NA NA
981.0000000000000 980.4918925470987 987.6529563176729 968.9934665914793 973.3768051934159
1004.4381830090969 997.2492198395998 998.3151917382380 1007.0097300559864 1002.9598574619669
985.8186580162873 996.920815428322 1007.732713612506 972.0666992786579 943.5968315864285
960.2089115971409 947.0111764484532 949.2014812628088 953.6040707118482 923.4184584061115
917.5279403558362 910.7455315520127 919.7524565483421 932.745440746581 961.3193058316832
950.1245308542028 938.4187268265346 937.5870910780525 923.979879414551 893.1679450546216
NA NA NA NA NA
486 491.2571331973932 512.60712428993736 498.51305602923003 492.67392094550593
486.6079430831631 501.00543676106798 513.05128874974810 513.02969977397413 493.9168591335794
483.9396041755957 488.7677792899296 483.6925613072312 504.0704259238094 520.9497346655495
539.1462922407868 568.63449552924658 553.07645608121982 549.2833441747115 518.19981242695440
512.3514325696813 502.6381644641027 501.8006655897206 493.05556145382798 487.64845267509850
514.7779064779266 520.20108832011044 508.76444655573448 524.55361066193962 506.19459748767849
NA NA NA NA NA
-107.00000000000000 -111.65607334218019 -123.6524811473106 -137.44682285461502 -143.55021419283923
-143.52298499907042 -167.75922050037394 -179.7971111531662 -190.87131551078409 -183.7895448119322
-192.01386069431456 -170.00464245679231 -155.28350399739492 -155.8875608587669 -155.8752339542372
-146.14937914572207 -137.18349949373857 -130.49928378689225 -121.89151964033680 -126.00908039501857
-122.52873851933637 -110.34005141287066 -107.82079924628961 -92.1060408163272 -88.391872450251824
-97.88081862615468 -114.28241629472811 -123.5586559037341 -122.08217896469195 -109.15895443237908
NA NA NA NA NA
-595 -591.51272089239410 -599.7919800350834 -585.62650174812200 -591.1997717278369
-578.4379004064457 -576.73364599715387 -570.988687568246 -567.8058070815713 -561.68481137380013
-568.93405863100338 -579.41953855666827 -585.4359114296187 -546.05397878076985 -536.40560131591690
-549.8258460869495 -564.4420974737634 -556.9988314087675 -550.7565112543074 -520.542898883586
-505.46286006634983 -517.0978132642161 -540.3360125682775 -536.4868690386784 -542.86510859530017
-553.2163553095919 -555.6223594124014 -560.1714857508866 -545.8089080464762 -553.6563262031817
NA NA NA NA NA
-861 -845.3471074620996 -841.6346283364586 -846.6457259278681 -836.5687956468306
-830.5880471536932 -839.4211272458717 -840.043444691107 -830.322096914556 -830.7337375010519
-837.78032816431755 -841.999396635291 -824.327075470255 -815.8595430646659 -811.26381558995502
-820.04066953820836 -841.98554440912210 -851.97051446432101 -847.11208999266762 -803.7403814069883
-762.5010940593654 -767.8848186913327 -770.87006074132034 -784.88674855846023 -828.9330212743827
-841.2665097836102 -836.6179875053383 -861.09532285189528 -847.44518420813858 -821.35528392706487
NA NA NA NA NA
-974 -983.1545529214038 -996.0219163857122 -996.9137350600519 -997.9406939714794
-1003.3722665155283 -1007.9054367749554 -1004.6470632245073 -1038.5623810587670 -1030.296113422905
-1028.3307771400132 -1042.2457000282820 -1060.6769204071093 -1043.7013718720218 -1039.7350770479657
-1051.9566555987230 -1053.9966162657520 -1066.260633995261 -1086.9429141915627 -1053.0377267624947
-1042.0660038538915 -1060.5024309667349 -1056.0223673780506 -1052.9542569409507 -1053.3830513630737
-1038.8112142601387 -1024.3222285604602 -1047.1119742636893 -1032.1347919461218 -1055.1300838969573
NA NA NA NA NA
-1027 -1035.5642799322634 -1060.6410076539078 -1047.7278416253564 -1047.5057828318129
-1014.5437175903951 -1036.5260149856786 -1045.5888443528943 -1061.5463909145869 -1063.7062685409717
-1071.1888409296644 -1064.4159414868934 -1054.6057870448747 -1020.5407333729848 -1029.3559014768405
-1063.9344594169722 -1064.9588132122185 -1059.8188426840463 -1079.0588249449447 -1060.3690567084213
-1032.3347746389488 -1018.3351498341086 -1024.795912574901 -1025.3332105455136 -1027.2302004726666
-1036.0537965261858 -1037.0034296507688 -1035.6911543721687 -997.7122550058566 -988.9637649970387
NA NA NA NA NA
-1008 -990.0566907509245 -1008.0641531824270 -1013.4883481161925 -1012.0555983135578
-998.0432725642600 -1024.0398488129617 -1040.0850464956941 -1061.4845283823204 -1056.9893211490032
-1062.0162311291042 -1078.2214972606844 -1062.7701911276358 -1066.302641434393 -1053.6473370279746
-1077.690724756465 -1091.2688681280081 -1104.1049524309876 -1096.3334852347034 -1068.499865102551
-1054.6688730889171 -1086.0774535892272 -1108.7468226279818 -1134.554165845705 -1115.4421614415487
-1165.0598248645390 -1156.172427371254 -1189.249122458654 -1156.6813088067893 -1135.4637948778786
NA NA NA NA NA
-871.00000000000000 -855.977451577857 -878.2194403576607 -865.2258273163148 -858.92183046109392
-854.45173793172955 -858.67889385727369 -843.5833551778874 -846.4198458653437 -825.08708960019510
-815.68084892356808 -815.20956254216549 -817.3599353884075 -775.4162439667790 -768.8066788116463
-778.46135806046641 -807.3254694173980 -793.1044794400235 -829.4485750852991 -790.22599380407974
-785.59280701629075 -808.717012190749 -814.90860141450821 -808.1658371286428 -824.08462747773308
-832.573693185243 -816.6490722088377 -798.5620958769682 -758.2938698658148 -747.2181452212286
NA NA NA NA NA
-753 -769.2089220512755 -795.548656222151 -797.9136316163613 -801.477779812579
-783.5125331932160 -798.1200821769864 -790.4164258839689 -811.9670258796228 -811.083741352089
-794.6033241884237 -799.8244556171589 -802.02814021575352 -785.2847886479337 -769.06517169554604
-755.3904007580744 -771.961284706574 -759.1430078474106 -772.2785919854173 -755.4597790340359
-744.346158652379 -746.88296586744377 -759.1380475322277 -767.60878708341966 -766.9964605265158
-771.94264479887488 -774.75409577303969 -799.94892996018234 -787.8796957523413 -769.83016764641832
NA NA NA NA NA
-660 -621.0107302948835 -618.9667730044558 -588.235059554575 -610.9478124180132
-623.386854033607 -616.17178201794798 -630.73547705622957 -622.8757447555433 -607.4040875718507
-583.2791505974137 -593.8199858683629 -594.5089223632204 -596.675867949076 -578.4183503544867
-564.5002789604603 -552.0845105565378 -556.11282340527248 -535.4631969128984 -525.7074925290744
-507.5784089748334 -525.4771689674938 -549.63641401625591 -551.63496678019408 -548.2941190164527
-554.7820045830226 -527.66878675900819 -524.75487291555908 -502.77382426771504 -464.299665684157
NA NA NA NA NA
-563 -543.2627362166882 -563.81101495324663 -554.65053443806653 -560.7003824812672
-552.35150216407669 -559.8541660079538 -589.7990766095047 -586.3015974613581 -572.01422110205613
-574.3733279876789 -579.6020522593294 -556.0089481580005 -531.1013250176828 -532.5269058365188
-529.8614631815291 -531.4071028614483 -521.87200400502195 -531.73891679573921 -472.7979753829015
-467.10856406981401 -487.98968904448270 -495.05667519126945 -478.75189784287682 -486.04450600482318
-484.1340205053057 -458.231886434766 -475.2964835825068 -453.52314024520956 -451.7154797111756
NA NA NA NA NA
-483 -485.7878347577107 -468.2307373110934 -467.72430111936205 -469.4245003251176
-487.94800466168340 -507.9503816984857 -497.40124717894474 -484.02622693337821 -484.5156266195536
-481.5062281742988 -475.763833492064 -468.300795131608 -475.79480060846993 -479.0204711289313
-476.4435803116224 -480.66812801783954 -486.9512544964617 -485.15605782796013 -470.134592175265
-467.8112783848322 -498.65032337109 -490.8994361957778 -502.9247054689737 -509.34394916038792
-497.3929093872372 -521.3304505195603 -507.9132967346755 -500.0097454210564 -454.33035654861987
NA NA NA NA NA
-442 -469.15592550577963 -474.36149014513910 -469.09156691104647 -470.4142236260515
-461.63744516847999 -489.191507130568 -486.5532382622128 -482.52815580290587 -493.0607081093156
-459.1360163621434 -454.95615718812951 -464.56526279837806 -469.37754969933411 -478.7618973924771
-492.62713684329657 -478.8895873380537 -461.2973769197919 -455.7141156440761 -437.85791679707319
-421.3556427167258 -407.8983994782218 -416.4442594985447 -414.39114641364790 -431.24240251408997
-453.5621530586475 -436.4886058728168 -444.1287240354561 -457.76487970731534 -459.36609404344887
NA NA NA NA NA
-376.00000000000000 -378.2312135081132 -397.36798828103343 -389.3827924382432 -383.6328623646642
-394.75001394293764 -385.41314221131370 -375.17468378794666 -380.6225426812044 -361.11349509615729
-353.58500907688 -364.47198846098576 -370.8760173631395 -383.78324501623518 -395.0826405572212
-405.137626069261 -395.29068667181980 -406.4970187404917 -389.5414089766832 -380.8317281820122
-376.14093492336133 -370.90608824757697 -390.9902490965513 -383.3822527495389 -356.902381205929
-362.26691529665550 -368.7828607078627 -375.8895912999896 -384.06215364058374 -365.7173945332831
NA NA NA NA NA
-305 -293.0698270348277 -314.62649014734006 -348.2050295554167 -350.6872625346585
-337.1282625704811 -337.3231176429498 -331.8369107451236 -358.7975394846549 -367.794904713308
-361.27712140791124 -369.2627002036664 -348.1855487136492 -332.6804853277463 -336.5499683916502
-356.0207271420333 -340.1719230799817 -341.6406413413768 -351.11911513095231 -327.8150643659145
-306.17090423139092 -328.180348284617 -316.1253284488373 -353.6913700235989 -366.756685450204
-377.1012856987273 -349.41747319219468 -355.7568868058855 -337.5423179004833 -346.2909855106215
NA NA NA NA NA
-276 -254.6624587585333 -253.67640671366223 -227.97404068637479 -202.26841773015792
-186.32567847157583 -186.05425851023935 -194.05076598220623 -190.3914205965779 -187.12040144244696
-184.330948831318 -172.77623079819861 -166.3363140971544 -183.80052282916722 -157.93774017234841
-145.901056584213 -142.75976768416425 -152.26359373553777 -160.9056237064792 -164.16442044273543
-161.2580870503619 -171.52455066502958 -154.94561471617305 -148.6689938514289 -146.54610370889688
-150.8052662073906 -160.93628235860035 -164.59782001664928 -175.2376159565352 -170.29403321739733
NA NA NA NA NA
-236.00000000000000 -225.7888663382685 -238.3028228141490 -239.38798180846550 -248.61770150319794
-225.6902201880536 -241.91033734873545 -236.2607991520506 -215.8116892888297 -217.56890012319317
-192.46770457336129 -208.82981968070158 -192.59090481903226 -173.20648438456294 -169.70545154003409
-162.2987978239019 -174.52514400124025 -164.19430876947868 -166.9210600415716 -194.27670556337651
-197.65576606710243 -223.8051644667115 -228.65040405265313 -233.7929401481293 -228.43793054972269
-239.9378830807244 -232.9107040431783 -237.3924645196638 -233.38121984135120 -208.7313786685014
NA NA NA NA NA
-165 -187.22718124119288 -185.206845695144 -163.84852723052134 -162.05317630982472
-176.5412553087764 -190.99656342995203 -199.8963008839768 -199.41953731317912 -218.03165598389475
-222.46198198179445 -237.29459778930996 -255.8554779782705 -247.46054394439994 -262.90999887058183
-267.61358594633128 -285.00686174707232 -285.44386797511697 -284.2119249345589 -290.0158394090295
-267.83297269083624 -254.33223700229257 -268.75821245298675 -303.3057097245471 -327.8462265879217
-330.2137987563461 -305.3839593062553 -296.1292462380482 -288.1135905881646 -309.1265911728651
NA NA NA NA NA
-50 -64.47922874567548 -80.718498102975246 -67.30561100644937 -81.959474674830531
-79.4313546180255 -85.17392359086408 -73.08798433449905 -68.96003843475688 -70.924405465366803
-70.9788453642599 -97.40444188721884 -96.38902388061391 -69.48839149588676 -43.807584759709030
-22.82779808657218 -51.30507011227088 -45.04868815156105 -61.725509387175386 -37.176512696204163
-37.39094133761392 -46.773475203445940 -45.84262146916944 -42.682457847395909 -50.20442988734514
-52.948384741560140 -74.0248669561533 -55.013813542934400 -45.465968858712316 -42.788049915971918
NA NA NA NA NA
36 17.504089558219718 41.40748851592742 65.1516435128346 42.86489850586396
41.18937920210963 32.19401787876775 46.11233514120133 67.89222280548566 61.32790772441156
57.95246415766837 44.72666711208706 53.79911518914793 47.24117886910935 37.4173521067045
31.25958120968212 20.184002102868213 13.438280847591553 27.054959687477556 44.39498778966684
62.90252883475504 81.026259774022179 72.846462091914617 82.234884004211153 92.4208934846396
90.12639046677133 100.12264680420249 87.98547152853786 75.86510141211986 58.549157997256245
NA NA NA NA NA
125 118.04447051962472 121.2714258026782 103.5302878279155 94.4810271232581
93.49243577080573 95.34581194967316 107.94985698407204 92.4964712724285 118.8422834831281
109.98454475780559 97.79477970666358 75.17149044301613 48.38769929433235 66.247487976532597
84.61987688016742 81.93673518976374 57.53630315446910 37.70467222624384 8.831993078087045
22.997276835859267 25.52606569269666 -0.3258997513744823 -18.011684629598264 -29.171799679426549
-62.66158604367068 -46.510106949350089 -39.198344619642327 -32.604554246356869 -11.123655364561678
NA NA NA NA NA
