-30 -16.190931710809046 -14.466997608230887 -1.6303461357877005 7.6477095940093953
194.59440583310783 20.865669271999668 37.186912446547964 17.82293620142853 3.9980164009344357
29.497081732022455 42.47439512703586 43.76362843077219 44.253200173146425 18.609101762277987
35.23223246752381 30.838808415316123 17.835384074173483 0.4522993414561967 51.41558009271066
60.7509861056214 39.910271674001422 37.335974543415077 32.34191331219627 -28.917760231250014
-0.5545537457167065 -52.146318435902359 -78.8755810738517 -39.52191353471141 -38.802711100064869
NA NA NA NA NA
-41 -45.944418221512059 -52.98027881288272 -67.124898324478750 -60.29748673852324
184.59692064721878 -99.86195162023024 -117.6421876602126 -129.52800252851273 -112.5163914045168
-119.49834975423855 -170.46674960877652 -176.72063304936955 -168.4428152166208 -168.94666268197778
-184.66406248093793 -245.03634988498536 -242.4960406655161 -226.2157294697572 -207.3518850946196
-243.230440406048 -272.4035962199129 -277.08403003688977 -293.1655755675131 -274.5533698366248
-308.87397038483687 -285.3149166793316 -240.85894906466760 -226.6731024424072 -189.8864399173038
NA NA NA NA NA
-36 -37.9139709729812 -43.44531221889128 -76.0738842495617 -99.9376862791691
171.1946470132585 -67.171133391024654 -62.28075370280838 -55.05530775791304 -81.036215609139362
-22.345181135658969 1.9431497918261371 -9.1557611205408 0.9484231013807776 -26.15023613067006
-9.425484159816406 0.2740332361512561 -20.271213056689227 42.5083726569419 72.94280688536756
82.65884137303308 86.427472391360823 113.82483630292015 85.915554173257945 44.47505444456706
-11.817173432210076 -19.221031949659086 -22.45361520176847 3.968962258418557 -11.750015139407184
NA NA NA NA NA
48 38.81379888690742 62.74586625438818 38.89966508928656 61.50691461935244
220.90191632936333 107.1605439666896 155.8913040500065 149.3434380715845 218.997784815394
176.49642120060463 188.96760901970529 147.541074428224 138.0449286182087 135.10107045900145
127.86339798853902 123.05283349297240 119.13729816547351 101.14655829173874 89.27204323280372
111.16267740066871 151.106469331229 153.8623256846957 158.43509016321516 158.53378040479211
140.70233103015900 150.4385002946353 128.12154239273917 153.0476377907708 151.02539533344773
NA NA NA NA NA
95 72.92000641828761 63.16882125926904 79.65593809036461 85.31348109493688
85.117532118794344 82.21576317661111 100.54475970834061 153.2520119695091 115.5935018606566
76.854728354266683 81.553758836554351 92.10918872865210 93.6284762341751 73.949472864505736
108.07782418468477 101.48953798022772 107.43942842495082 67.6029099948923 77.070226595635205
83.879037238383887 73.70708494574814 83.359309235787123 128.81335579154387 70.731463231594148
60.300089874503826 44.475913023798384 39.299140526388150 41.50910531884883 22.65352200942578
NA NA NA NA NA
55 60.75330293245727 58.479525837544386 65.02232352921968 55.404996661810436
285.0273470196694 89.89281180626507 60.57518504832154 65.54591081558875 48.938263408688748
38.753641047294984 54.67450659101754 98.09320324707291 45.96591366739523 39.835572011765834
56.78360583776978 69.064557970188019 62.63425946954218 56.54595576060713 21.68265493381931
1.583360021060042 -35.63874867593846 -32.868641331432634 6.394518166584824 26.71914243403304
29.55867696288397 66.64664494601483 82.0790719463008 89.983756832008041 103.95755921718735
NA NA NA NA NA
61 47.3171464916479 35.875745776432069 43.00130792491928 41.56194136533364
74.5928487101022 87.18754594611016 72.36690285422904 112.52228261309281 123.34557947039399
106.06354529074885 66.37519976005184 30.77181031422256 0.40421597681963917 -22.00457837804692
-11.76268248028755 -33.404785376599946 -38.62835643380453 -56.143740665509519 -49.35367975943575
-17.187723138636905 -30.23466626918271 -32.53204358593349 -25.156427073736147 -3.287655101954208
23.34773566921962 -2.5441994773557184 17.67486133087014 56.037043184180021 55.205564465459588
NA NA NA NA NA
40 74.665466709848801 45.830548385520913 39.87959895753897 4.2055721259301819
65.90825024337937 34.25205502281916 32.45274558628815 -9.685028920027605 10.394160737507281
72.90565918266145 74.5703308577669 85.52237686278221 69.07797086561519 86.552678952752004
119.11962439989770 111.50456994380984 111.00608015174758 54.5193868005578 102.80503350434364
83.10738378786377 86.0841710301329 86.951632987879051 44.41426600974071 17.284574551000020
34.419759950956191 31.54301603624307 74.58289244413044 113.14741996912161 163.13253880275232
NA NA NA NA NA
-7 4.024092885415965 7.31403618274458 26.74810859241319 30.68013244628159
57.6330240331258 -25.860770750846100 -55.22305090718513 -62.673678912306897 0.284237399995213
-0.35551530017303234 -4.193712348786483 -23.685405613057156 -32.606037793861880 -44.77367941829169
-61.56354561119861 -105.26502651074823 -116.09402696342049 -95.81950927862127 -83.83423308771278
-81.623941317839652 -119.68159344448878 -104.5223723391584 -55.32592406100977 -77.5523805288224
-140.24318023961084 -147.97657530473964 -189.40946217007121 -168.66453062001258 -187.07251596505316
NA NA NA NA NA
-31 -26.44966850156477 -47.07809793729849 -2.540589464000611 13.4944236376893
101.97828708171505 -24.85887824861973 -0.84947470669240488 -35.127268763880330 -4.269310712025845
10.724006852830710 49.33551626395578 33.469228050180007 34.208720688050278 -4.450682775863825
-46.29331368531025 -67.2834194800607 -25.541963003910304 -72.82172589977253 -71.85899811397219
-84.626462105287828 -101.20282770647191 -94.58421739250913 -104.41580061322377 -134.6909978150706
-127.33087536090538 -107.83685330038735 -75.05626903882091 -57.94238841502254 -56.203071119804704
NA NA NA NA NA
-11 36.55556875952536 4.029870616408807 0.5689452949083327 -8.6883385037625356
28.666871137408236 22.247060130396637 8.828880052122006 24.107240442781158 -20.376429410650431
3.482975399794100 3.6097712382829918 -0.5958389963329171 -15.191028950868001 -41.08929641025958
-19.719067793984145 -11.376258104751962 0.6064754158956163 7.998045206664809 15.18617879573953
67.37098739048038 91.4485418757416 97.41197086433084 92.70390341127886 113.67180093899074
152.08388056013123 182.58815487281623 211.8716117203666 186.42514921071955 205.3468176844969
NA NA NA NA NA
26 19.668138221016832 92.52870777425296 82.3544896644719 123.0798911612787
132.1498673342144 109.54277498942494 131.93772810765608 140.77309620701476 133.73698207251118
63.10535497830277 55.79707798496285 42.44497517688587 40.94436809849006 71.34717709529895
85.746311872021693 107.54640791874907 115.4868264984496 139.2509793155502 123.17835006974363
133.39451617118641 133.43659722305136 137.82211469543950 162.84189108256180 181.4039363259925
174.10462152903713 144.02266839059956 144.49511379342917 157.76535094872074 112.227669315108
NA NA NA NA NA
200 206.5717965512308 203.59339611653900 170.15681602399931 171.59858408076607
153.24099710072420 157.86538504064592 170.94783116721968 168.90662988985324 241.65726380649244
232.3171567129137 239.20670345413023 279.57145655032843 223.15688226766051 218.7854120188027
164.48528748659618 178.16663337334256 144.6954495975418 178.11686573660296 199.97384006258761
184.20074225902329 250.07243333063963 181.10432003506378 214.42072755733045 215.38839395722982
235.58613043392771 212.31641417526282 214.80738938729928 193.5088117090228 173.2613734096248
NA NA NA NA NA
469.00000000000000 430.61978247484677 446.68359783752220 446.99199479644375 433.210972452484
455.0297548381174 463.8765908383223 453.7192799851402 420.8904395940144 398.4486286388625
395.7682863320064 418.0265439912439 394.14457880326347 348.66745638888 334.4426507100767
368.8055502995513 377.1180577040375 363.9198436826861 387.45265041509094 389.2419570359322
414.95699505047548 407.002977939996 410.6395806519419 450.4995598812409 486.95915058891984
562.94327042377040 543.16635211351 560.2721221105945 532.9709414912163 550.358931156234
NA NA NA NA NA
643 627.8524524371147 629.0000219287136 589.45753899643205 650.9485519172351
621.7881793773919 616.97992871401425 650.579255881459 658.4797000050717 677.993103172658
656.90964535178500 646.1928349583272 630.44708601310163 666.8948998304314 633.146249249187
609.20872942803680 642.0622912079567 667.5879214126346 661.77666352255426 601.0779610145197
583.3168010113112 567.10672579496691 548.7276425209677 508.40749378802917 579.38530015961885
588.88357222516004 541.6544800335466 550.9553846371857 504.9425950527984 555.3781305729465
NA NA NA NA NA
811 809.2744039753395 807.72167081430598 773.58757029212 749.7129909110753
729.690122892549 704.6204411868245 775.4700653806848 767.987070076599 762.46205263363117
741.335870027753 710.60516518303325 709.42636459920732 746.6541931092395 719.44476552984668
719.0070103441608 734.4137668316108 744.9579732522027 782.37159793362457 804.21041753883810
818.34728925253091 773.0480589195656 811.557748072116 823.22358804336886 831.352617749496
871.80953785288978 888.0694762887385 871.9469318223690 879.9770825951828 848.1809370691208
NA NA NA NA NA
1089 1056.0427391520736 1059.8776374486636 1030.9783640804444 1045.903312152617
1041.1507357277146 1083.8302616887518 1063.0955751688648 1142.6604671994837 1154.524535163965
1152.1086647539883 1131.1726788113185 1185.9520630453337 1158.9366330512162 1106.1130565316269
1154.157245536448 1186.011544558193 1202.292994704779 1217.375691124077 1177.9659717703371
1146.957009421318 1142.057721995511 1133.803255410471 1174.272489493931 1239.1494207396338
1307.198781098297 1279.0833442392000 1281.417753163779 1310.932136420864 1268.94874419396
NA NA NA NA NA
1198 1153.8075537611608 1243.2141439422314 1227.0995383164241 1246.0253297688826
1253.077009465145 1279.0315976447043 1301.7869088355762 1285.0230994793394 1271.3051522607241
1288.179611122018 1283.8188342546341 1272.7080355088253 1267.664161591059 1238.9842288119517
1273.2263788420535 1252.8479573299369 1198.422631110221 1182.8953559975525 1124.5467896409764
1124.9540916550629 1118.509287605207 1158.2997130187844 1210.4674901389797 1209.2523955096774
1244.105048945292 1213.2792558804563 1294.640030683206 1293.096957920834 1253.3286072178123
NA NA NA NA NA
981.0000000000000 989.2259757447880 985.3944672866922 960.6632278920315 958.5502892418943
1026.2964423763010 998.5172343474850 992.1346063754706 1003.8457586142553 1000.264381370056
962.3210784837746 973.5322346331021 998.2723966562180 938.3710570762836 892.1744635683706
918.600557355801 886.6622333508938 896.8026233317157 896.89131853804508 862.249846473047
867.9804394211133 843.37480264817953 851.1640396587646 872.67123155051343 927.5473809249737
891.4593877532218 875.748923824979 861.66318289016942 851.6941893352204 811.9891222707024
NA NA NA NA NA
486 501.09296635012487 534.7994040952206 512.8473956757988 495.77922407608867
486.43317170153523 508.5889919816534 528.46246774303461 525.6063731178863 489.6191493505584
467.8509805747216 472.0611787993886 463.4546304060693 509.8732698294926 548.9541777839223
581.97944360746385 638.2098492650556 609.94723953426808 598.0427577455222 548.622544135418
545.6012703715626 520.7049705372358 513.9645681918479 494.2555165140503 482.3159286541127
529.7884515468633 544.45006094557073 515.4225265026568 555.5444621250755 529.68529164250197
NA NA NA NA NA
-107.00000000000000 -117.32021437000074 -139.33296978462533 -168.294627904817 -179.31474503959461
-179.8736439739997 -226.8844053529462 -250.0314820924613 -271.5605861079538 -257.8898738335842
-273.9392021045093 -228.7217157026580 -199.61934818759224 -202.0742343184814 -203.22136051022767
-183.02816966278215 -164.4918381399508 -151.7516396494752 -133.5853837773457 -144.62691050839413
-139.5762617297127 -113.9946391470711 -107.84091199119555 -75.9228843402351 -68.24678089539866
-85.73055151000082 -119.37372892828839 -136.57125989976674 -135.49930600701350 -112.04359269888263
NA NA NA NA NA
-595 -593.63105181241440 -599.1789549912177 -578.4827643034797 -583.0305566246465
-560.9175392767788 -549.38083208363423 -532.7266234799182 -522.91706534444461 -513.4155723250127
-525.693640869003 -539.9969866413608 -553.91988280986709 -482.089004267743 -469.3082222397139
-492.02552176218012 -517.89615098230990 -506.50306361226308 -488.7316671396413 -443.9101536776611
-424.3712985548373 -440.94468364236837 -481.2196095447483 -470.8048372456788 -482.18354819024989
-494.5776076596176 -504.06054426036479 -505.6242716411905 -487.3588825059394 -516.34799709144806
NA NA NA NA NA
-861 -837.8058623759408 -814.4478963822027 -835.51804690620668 -805.8154103499394
-798.78943349630606 -804.693612503357 -798.4652134556428 -774.039140832644 -778.82808439059534
-789.70817872464193 -788.4978858817229 -755.88840239848071 -748.98577724536744 -749.22331837719548
-760.8105277747530 -799.835448727401 -824.8606089021894 -807.49351280435 -743.3324778373906
-676.2234368942948 -677.3006259122436 -674.2972142144968 -698.3996759134335 -784.498509760023
-797.14269410808333 -794.604757699784 -832.6565270820057 -820.4921468727171 -787.54994898666382
NA NA NA NA NA
-974 -1001.4853481401320 -1009.1959757178171 -1023.4775323490912 -1014.7294666430921
-1031.1758830542944 -1026.9365677465566 -1011.9660052498510 -1074.1592317823888 -1062.1128232969038
-1054.5473693946731 -1071.4624990150448 -1111.4190683636534 -1088.8170958311741 -1091.550989554882
-1109.2445885402799 -1107.8212076203763 -1138.0679240813879 -1170.7781979135793 -1128.5139789986306
-1123.957206671080 -1149.868024335106 -1130.756242678084 -1120.1732039490369 -1118.7754210348171
-1076.0310498940294 -1054.6992705229995 -1087.9449339656844 -1075.1129430287967 -1142.8659253120193
NA NA NA NA NA
-1027 -1053.8041254080094 -1084.952704020285 -1072.3043628289165 -1060.470474108222
-1000.4334274537524 -1030.368342024699 -1039.580172821249 -1065.5510984059765 -1074.6010920668220
-1085.733669665018 -1060.6792326969478 -1044.3214187440292 -988.1579961027273 -1017.0352300751812
-1079.0755120896833 -1075.3214564206085 -1071.071377160001 -1100.4261339841146 -1089.9828420220060
-1052.2470434619902 -1012.6892604346240 -1014.906731346801 -1011.292536798365 -1012.7084193262398
-1016.014835507035 -1025.9763596751868 -1010.3468385648086 -952.4431238035395 -957.8927383832890
NA NA NA NA NA
-1008 -981.6099443721805 -998.971591878164 -1022.754173364643 -1008.7096189369045
-986.463137349694 -1024.686165541959 -1048.0276431261339 -1084.9924093541408 -1080.6447215820938
-1086.936878721826 -1108.0516883100220 -1080.3512132304563 -1099.1614090534140 -1084.8896249210645
-1125.991231403667 -1147.4521088325905 -1179.0425838553972 -1154.5432625502056 -1125.3139331593425
-1115.6455496223973 -1167.1180157008880 -1201.950729429844 -1248.9633702824506 -1208.4052601060337
-1293.5651223622838 -1283.7034295980495 -1337.092447506439 -1289.6768948308752 -1269.7639383987253
NA NA NA NA NA
-871.00000000000000 -849.1607625406926 -877.52668000311189 -862.7157246546503 -840.4480516283645
-836.5007098164775 -833.05643211421705 -795.30552599800058 -795.93725135911495 -757.2834600103508
-735.2205735810759 -724.51751029258207 -731.58518206588838 -657.8467596665048 -654.166137587097
-667.4397002745343 -720.24659212268841 -696.91854558964 -761.86763668089054 -706.2671371846903
-712.5488053026346 -748.99440882895726 -752.2994650467242 -734.8373673255347 -764.65808067091893
-769.47378187001095 -744.46215106368220 -697.2586664118053 -632.0339058588755 -629.34349249406807
NA NA NA NA NA
-753 -792.5120026753283 -831.2570287057326 -845.6491285904511 -844.42640486252969
-812.81234212308323 -831.74082937458309 -809.79786689835851 -848.5407824139024 -850.24244074080343
-814.471554723181 -816.475643796675 -823.2750857135644 -798.56239774926451 -774.3694287099723
-741.8017992976207 -770.688960831958 -749.4735229190735 -769.0540569240497 -755.1661799178172
-746.38058713983355 -742.97944435134809 -759.6413573491102 -773.14499882859809 -770.17671641897471
-769.55437778505495 -781.0885555006645 -821.942933878316 -811.0417831164123 -791.76725049933873
NA NA NA NA NA
-660 -588.2394481834364 -571.93807819024562 -518.94346723146214 -557.049353729341
-585.7107624977449 -562.2644656475867 -585.66339765306748 -566.12392275421291 -538.22048896066440
-487.50762149838755 -501.19328314596390 -504.6677935792412 -516.6920566142774 -487.4048232992278
-454.99505796842641 -426.4343841096425 -438.3660913895716 -391.20253745012946 -389.00166556390218
-364.52502258598798 -392.89446851515254 -434.3340140987436 -435.3178754949981 -427.10789930982810
-430.8675924377875 -381.82235467343025 -367.6369022882873 -335.27723480865995 -273.07551202740012
NA NA NA NA NA
-563 -528.82960427464297 -559.50771417632814 -548.4109097744084 -554.2667488518313
-540.79627954692455 -548.1105556634557 -603.1138285422857 -592.86028570435258 -566.8786432328243
-569.49584890097015 -573.64427773593309 -528.246564807102 -484.99143876745484 -494.0081344280579
-484.77581049449157 -484.6860229457258 -468.9213872494260 -483.652786410417 -380.5373161063174
-379.2084905793994 -414.6343682656823 -422.90039243600665 -387.7204491845197 -401.00199579587013
-389.3194309833252 -341.93488164301436 -368.9347688095384 -335.28530635682625 -344.2492771663902
NA NA NA NA NA
-483 -493.1261058907886 -449.07388226398115 -454.2586433645978 -452.3024113403425
-492.1181264293461 -525.524695940072 -500.23423713078893 -470.68864364922570 -473.8920828960662
-466.070822570748 -449.1734994245246 -435.78178010549215 -456.3977450137405 -468.13852288073014
-459.6376811125556 -465.35772622862083 -480.759834343938 -472.8778389446362 -455.5030732661040
-459.4783792535176 -515.72046957584655 -495.18455855820679 -517.0299502628210 -528.75001407343279
-498.1034410778856 -549.77021815740045 -516.8196488766428 -509.5034153420672 -428.9364634886617
NA NA NA NA NA
-442 -500.47601846065305 -502.70783366020180 -497.83952756461099 -495.58291417762558
-480.56303891013374 -529.6330726132076 -520.52020386525692 -509.91178962620802 -533.01269304756659
-463.5138502609132 -450.20104716850591 -470.8233701315098 -485.5981626661338 -509.20729506509372
-533.87483280931633 -503.902342016232 -471.31305157281025 -456.21922444262907 -432.09964084193848
-406.98514368989663 -375.0960985267963 -387.5810102717472 -381.4568236380492 -414.13585091363376
-452.6033724901886 -421.92611064062231 -431.60927103162192 -466.651694464278 -479.7298727101033
NA NA NA NA NA
-376.00000000000000 -384.0047957059534 -415.3203767138572 -404.1746438067732 -388.5048187655196
-412.8944710159961 -389.08425261353 -365.3438505626641 -374.06332005849276 -336.777035639554
-320.3169036600307 -337.8773785732948 -351.8798843757529 -382.0755212283236 -408.79196913555666
-426.296361256495 -404.4780043841078 -429.0982907563074 -391.84619674541034 -384.2885955612414
-381.6189076395359 -366.9174630074904 -403.1668708611378 -386.2342421163708 -332.40384216962008
-337.8825386390308 -353.86614219517327 -363.31828991497247 -386.27328370349238 -357.9848556238638
NA NA NA NA NA
-305 -284.0131180333965 -321.4823474390844 -392.5530457431139 -394.1349603912274
-368.7653154459803 -364.9884701216049 -351.3688143385585 -403.5247640286331 -422.9242877814245
-408.7505196227706 -421.3038246191775 -380.1184222759408 -352.662179471278 -363.7412661621298
-400.5692156696563 -367.1482942114070 -371.87648813215225 -388.1234178458765 -349.51488260191184
-311.671054544718 -352.257272064613 -324.96832621616051 -398.70792533516141 -424.1323052783797
-440.56256063666865 -387.5892770698457 -396.40586864122025 -365.33845976056523 -389.65050905309334
NA NA NA NA NA
-276 -235.92516687441935 -228.8456177940641 -180.98239058753458 -126.51021299751997
-96.20685243228272 -91.89362133082186 -105.49109926321205 -96.57494964028096 -91.30413411744183
-84.695249789579 -58.492937276623749 -46.489879532752198 -84.63427068507761 -35.931240700621132
-9.945267733746416 -2.1032326214380044 -22.731373385941023 -37.56308929222455 -51.319634551512976
-50.43378694863965 -67.86042866358245 -31.82590724186094 -18.012581602785261 -13.127702133597539
-17.792030873872996 -40.22074592764621 -44.0488145517508 -70.18033162732992 -66.45992380132132
NA NA NA NA NA
-236.00000000000000 -217.80113430094008 -238.46181168101734 -243.6603729455153 -259.50249394400521
-215.00035680884258 -244.2166334555904 -230.86919932771249 -188.60503652520134 -193.20644579305770
-142.12334792193474 -172.20294465319108 -140.4748216520959 -104.45587132822513 -100.03829236991649
-83.5895683920633 -106.70881174064661 -87.432776509639439 -90.78934719729835 -151.6904665803253
-162.66137500416204 -212.30407259542130 -219.53480797141324 -228.74241710924014 -217.4859217984661
-237.1903807858899 -224.98869346920137 -230.9637304391637 -227.08998871373589 -183.0633310272214
NA NA NA NA NA
-165 -211.00885938080313 -203.91482443562157 -163.3153914916207 -157.89478484297805
-187.8167742251856 -214.4733522628266 -230.8407126531056 -228.9321829371397 -266.91639042203013
-275.1612940394788 -302.97752343092924 -340.62344316974088 -325.75616806783108 -358.46202838872699
-366.7257969045388 -400.5800642432861 -402.4228470949903 -398.4928857752008 -414.4283489444972
-373.0079965407526 -344.1495066496262 -371.28172142253129 -439.6234049327465 -488.32236849507399
-490.75349333062763 -442.38911390136388 -421.7902815903885 -408.65957774463635 -454.37222751050143
NA NA NA NA NA
-50 -79.42951715753806 -110.9827940984758 -84.79859687064966 -113.55180759915459
-108.78218305654582 -119.58427912200776 -94.97842651298359 -86.433139993993009 -90.59216803807928
-90.51445741818337 -142.80534675998598 -140.93334691674295 -87.71468607632845 -36.90063335201304
5.4054265505294836 -51.266607118221032 -39.04740998335136 -71.95678723073956 -24.17019815799567
-25.491595147676371 -43.69392999629828 -41.311090367598801 -34.76248705347433 -49.69065229566922
-54.48037427643405 -97.02585369680763 -58.37059348413917 -40.1538760714572 -35.91520442732915
NA NA NA NA NA
36 -0.65265792390586341 46.487951514473053 94.43819692324986 49.46545495136328
46.32077955497553 27.838266754536807 55.3624399300722 98.71385106059638 85.75103256611202
78.865800331894548 52.010787573768908 70.270045770266790 57.573647959098288 38.32023817287744
25.75522605831912 3.4006603691855481 -9.879414055051777 17.034072663555108 52.658339970556639
90.3160506496731 126.15834485241703 109.42353433289648 128.03601938667384 148.32467758438412
143.2329763847287 163.5080998532458 138.77787886383047 115.1699984391432 81.342471303189996
NA NA NA NA NA
125 112.26659020471716 116.40734633666960 82.52901280020826 63.04419987024994
61.7835560928484 63.78270375004528 87.90585857810774 56.275600356055079 109.5429597346203
91.36100623977022 65.5807168771979 20.7312287748201 -31.37984369994794 5.708635534552705
41.5871969511503 35.514637613725654 -12.552309490488646 -53.32623440654029 -107.79308192985752
-77.23116514716007 -73.58041964109063 -126.58718092959907 -162.52944086249016 -185.13911805640566
-253.8641601040569 -220.57991443744760 -207.53927324360873 -192.15426260763238 -146.39954924066012
NA NA NA NA NA
