65 101.905000191574 76.04850366388186 85.6281746793635 84.349754190571034
151.41084566927745 121.51323498937347 57.82748175432044 84.6609619278202 48.57053150644516
39.347781994582498 13.984642042242520 -77.70377147150691 9.073627979824366 46.91680182279775
24.737390514360175 12.763783512543791 98.0024717685736 12.356177722093435 38.38473846496425
-25.790636709391450 21.1923117609592 -31.02385342150206 11.946336044246927 67.83217277275807
-64.209955920083885 -46.994622199334941 -19.984582006033314 -32.818404151799939 -134.79701607446879
-110.94784915283181 -144.3832965913192 -168.10732101657777 -148.21604737402961 -232.6198311691066
42 92.13094089694249 146.5981214733157 146.831307210083 78.29572532544204
71.42978911248592 135.19700220745938 218.9519445429832 223.67260722673942 311.9413350477782
215.082136921867 129.80261683679788 127.04601478732960 32.91884324234664 4.23298756475914
-2.9979692234413262 16.6072378572933 8.6403368875278321 -77.06619162807448 -105.0988122656581
-106.60184759525772 -52.2280857839595 74.670560791241314 36.51182703639930 35.73703428838277
-11.125707032198143 -43.570221954654407 -60.417203282255599 26.06274325846075 57.184781844758319
161.5895327771637 68.413182496053835 -61.2526215305173 -37.62146179775307 -41.68076529205787
37 125.82583847508988 158.67561124489367 159.43716280781521 16.199739302215278
34.372962217704028 48.81400743096965 24.651786793803719 106.29962931057426 29.37658184158148
24.734987140998275 20.17089179102965 99.00753083378982 134.48745647402586 115.48234473718688
72.796894157725461 48.55774426652656 9.27639470731768 49.03897886181566 52.025766036476753
-34.33343608587084 24.960567972614825 63.78459391985854 5.6752225623053221 -28.57496085697226
-101.84257819490877 -102.72633171972024 -107.97084987876322 -130.16014158247663 -74.42245708096110
-147.13596689502481 -140.74759351240758 -219.6128861694895 -252.64935055345 -339.62581775958313
75 100.6769129720947 123.1189284463429 238.9925854474535 258.33811850086988
185.63033818249545 153.04476936102066 211.06331500085432 154.9019642814626 198.3516700895314
248.326839837555 216.50810023912507 219.85900694102639 165.12039313997795 193.7758428417152
216.21927435700397 246.38764476082164 256.19587307293699 289.64276567589366 264.34224280398496
269.92098179514051 348.65253234036976 346.9970578677413 382.53960848092817 489.83769011672121
504.05108235578439 585.04131292382817 641.68190912299451 687.9447397423934 673.64864984478800
827.27355055549765 816.94084053670463 794.3318699803689 668.8686041285773 706.86020124437300
124 163.3617068808915 115.8164408327031 161.4837083899905 179.24999345643289
154.8278505298391 139.1155445711554 135.02253657409770 161.99425420016991 142.127147546896
137.06523791883018 19.62471424472814 4.8736468784051095 84.88677645189837 122.90137595377303
190.98705293994578 313.05912502524495 388.7156784101670 281.27945029885035 228.9747233569713
167.69051254953087 195.06138005827228 258.2538522929182 240.28442985904064 309.7210617536814
232.65149568935996 219.03461164981996 309.76016395837672 327.00234151876560 308.7310248282416
344.8980648670314 380.6892126885269 468.79211647100539 404.62691992634132 439.80518735474050
205 213.38573002525101 255.2165504670373 256.84468202261155 325.9342035635225
325.1351972490878 415.1561351444320 485.9649108705567 495.75572556161393 608.498878530642
653.01233030209630 677.8028658454723 634.93462532193962 575.6277880661985 585.5274443991958
636.36555497708184 651.801867666841 697.1970384916693 855.07555267179 931.3007378653483
1028.1868754280010 966.7054306439337 892.7326914839657 968.2395763570546 929.1280702963959
992.5741028320517 1049.2506237895650 1170.013131145376 1154.4787384241988 1155.332372906628
1113.0696505786379 1165.6231970110016 1246.9085459644773 1304.2518756973129 1256.4997216069867
184.00000000000000 251.2078477141188 370.1494688194417 380.4243121685906 398.5523978703889
419.5097578295121 535.88983975366796 574.0571817963659 500.1842891166439 541.084416142372
536.636844240782 503.4750106712553 547.8307922955443 504.9962690214588 550.607050167303
506.29124465297076 500.00036927198744 435.55217853543877 505.7864964370579 464.03525525308521
468.117780079953 475.3118354971422 499.9826951161961 501.03053503875691 385.12494188800065
421.27604274001533 474.85999393353717 472.175958406102 478.68196035100942 586.51329956703819
673.902010872004 638.5190160223422 666.660707290167 664.7760296469032 688.1980827527665
12 124.3212423968052 206.53304855906242 302.8240536150884 250.1241348110453
301.40842433540593 228.6534905078163 292.38062346893992 344.54973212488096 341.17477803852063
485.891088549561 460.67021881287400 417.2423394379124 378.199365995166 440.35928165524831
464.63162688091796 591.8183620444655 630.3662176716392 599.3068971135992 732.97859907961197
699.0295715697778 725.38365909419167 626.37824371695785 564.75791593093936 637.4491988655274
720.226539724396 705.59618016197817 725.982518494162 780.2145801490378 816.99843431308602
756.5536092978778 715.2385816365955 741.06566718493127 724.2591281831972 674.03930478639609
-96 -131.18712245953697 -82.038828894244588 -179.49768236451490 -86.27383528432478
-130.80953698925583 -199.7176273590907 -278.09189504421374 -244.7681154511263 -294.047665521843
-295.1601026999693 -37.59367869951296 -308.2547275577096 -418.5899540840952 -427.8420947805134
-383.02307812042397 -525.182299277792 -599.0094908615530 -749.52930563579855 -743.3802983408822
-738.50739046495380 -730.60068847312255 -702.5677938395955 -803.7794872902970 -775.52737597652970
-751.79673699608293 -809.21684275154166 -638.9267432029417 -598.0334816269377 -656.28046147464659
-703.0712231393857 -768.66657838609399 -816.6754841502823 -728.98364232821507 -651.33844122418452
-34 -95.2504242217909 28.38079779598439 123.02384491560736 99.87603440781963
79.930675456525009 -31.85748749713079 -104.12334878321387 -66.00262683128426 -102.01026361186098
-103.61717448765592 -141.80385227965184 -235.9697192270373 -240.92771108123409 -135.29961934732844
-124.14062288536246 -163.169261845929 -240.4914044161703 -268.9484527434295 -329.49672605396194
-311.96295231676925 -268.9549494203306 -331.7228433890876 -263.1128550571738 -200.73488278096465
-218.48003539945893 -134.11085771632656 -92.14519022831576 -125.55106631103374 -162.26543799122427
-242.4489135506412 -314.12273209606553 -347.969950970108 -286.7516949861503 -346.99171836004524
7 -12.9251750807312 -39.708974781878766 -84.85715360736359 -152.20671019884657
-236.3452162120003 -286.8914786786689 -241.6013723363664 -191.56287750494027 -195.76381296607087
-247.79749985275058 -154.70419623597672 -192.66004412044714 -171.49117023491681 -108.63251779899748
9.534315293817301 8.483154119656895 77.71134454508764 120.71522464296874 46.81207003051786
-130.39773151484215 -125.68474545924944 -71.43101125456943 -50.85864269215184 -11.749001216775135
-129.8075122903772 -179.26562887481373 -141.80589530954057 -161.35345465781100 -69.326623235532253
-14.78592062966475 -49.64087472901313 -130.25519037752568 -44.84059813981001 -60.40964378759259
-206 -218.61813540507904 -232.00221907349101 -225.51731579184016 -187.06825001141107
-181.42349006853195 -186.08457404999544 -231.5723345490551 -250.81467975296266 -102.21763610394783
-129.84321054336448 -151.67265047483627 -156.49685131456863 -175.30935828983093 -219.26482168822909
-197.0624309331815 -123.94041319617912 0.9947752912625702 89.092620842209158 117.35312275361804
221.69089187978517 357.6056257424514 427.4640399484653 441.4598740487486 413.4370571287309
440.1287086434713 450.189088457841 465.1952116612671 530.6101253491609 564.206204403214
472.9861352064868 583.9381244216526 644.233925682539 654.679564412346 599.1466614623648
-716 -672.924596865877 -596.639643042712 -658.3262493451862 -712.679540129966
-749.05362037507291 -689.0351230327985 -765.43517176651346 -662.6192185586384 -601.416493132546
-690.17549691606359 -725.3273106960479 -746.656338402315 -694.9648610080935 -757.15095249687533
-870.72271011429336 -986.4276570762868 -959.0006680162205 -926.6819636416318 -978.7688863702806
-986.9841213041620 -1031.7817967003580 -931.552254535803 -995.0211075313796 -963.4577762085326
-871.1304055959286 -881.328548225389 -757.0266637569773 -826.78504815729764 -762.475079317378
-681.0760158481577 -671.2835986991696 -629.4389100993990 -674.7669676914645 -623.6598096977810
-1406 -1489.4669709197585 -1429.5631674081683 -1501.9983739968784 -1443.8050752168394
-1549.5802629299046 -1547.6881182106001 -1586.5500935673304 -1438.8128826889322 -1421.9283481305094
-1472.5502902375545 -1469.679434055525 -1418.418921251418 -1466.7353698667168 -1473.7079924454556
-1376.869801446384 -1418.0128039164165 -1506.9617936048301 -1626.9966716014512 -1624.0260581972682
-1516.2105427399688 -1520.599079803152 -1594.3927270151059 -1653.9132291715946 -1695.924861051786
-1706.135032505165 -1792.7372532052461 1118.4898730738614 -1869.366373946894 -1980.4712025739377
-1953.3793893875484 -2032.6170980926731 -2041.5271067576712 -2090.6136318038743 -2077.9329153981698
-1780 -1820.4623463597284 -1848.447422040918 -1849.5752060357345 -1754.6697306285268
-1772.623316758539 -1800.893665262137 -1791.240632800261 -1744.2588611710325 -1737.4266044727899
-1561.0213490434096 -1592.7838598451806 -1690.773984387144 -1645.7665968468480 -1688.8711019937223
-1747.3217507691174 -1812.8570992414454 -1830.1405571047233 -1910.4193505944449 -2008.0778377637878
-1927.0021745010490 -2019.57780359574 -2011.6686145925698 -2037.207251329343 -1986.6275043054065
-1986.086712636572 -1990.8408999896778 -689.9650253387863 -2111.7359849477029 -2131.4444353593285
-2008.8370547042994 -1885.600020699814 -1781.142899319023 -1891.9888474642428 -1843.685126093734
-1476 -1459.728899711133 -1443.077595729761 -1449.7890499310915 -1323.5754379395519
-1331.648448307125 -1335.3887669272935 -1299.8467046744406 -1295.985210604539 -1203.5124189054213
-1116.8090550527413 -1138.1090672064972 -1125.0717532243609 -1129.2950625487804 -1111.5687352576799
-1116.0290147008964 -1052.8531381553771 -1004.749768329616 -1095.5977365047042 -1000.2234287647018
-874.73875053447671 -995.2773904886798 -1002.8871031244829 -1049.6309615651480 -990.468370198299
-899.67140197538106 -926.4186716431464 -544.87071328069555 -1009.1285972109213 -976.8636073212188
-1004.290305898365 -1045.1096651592370 -1072.8151527421389 -1112.1807030063510 -1131.4380318025987
-655 -620.75067624335009 -677.86884741107338 -664.76011288392647 -564.5845975572995
-641.6807358661234 -733.3384957419729 -706.4300280826047 -770.71093595221680 -765.17657939345702
-793.4233736625314 -786.36524510653328 -862.345765440297 -780.52032374682756 -707.814875998241
-752.7523469048903 -763.1658653930683 -877.16470856551359 -909.117578929032 -917.149911524907
-982.876579179834 -1044.7150798036973 -1047.7579814375879 -1046.9319063849084 -996.473712171379
-1082.4333001458083 -953.3920878181518 -679.49854660667609 -1060.7666243779606 -1177.3199302731975
-1298.5928099540849 -1208.3239857318597 -1121.246112632356 -1121.9327745821256 -1222.4283416858107
262 267.62452572825424 262.9911829251047 322.5226101076318 281.0603425151075
327.0571577075289 235.1980059763351 259.11028650312153 252.0519454747248 212.02433303413957
287.5052634537339 345.7855778024629 321.47529087563032 403.08611847204838 496.5207656042741
456.21304172064526 480.9504619120394 422.1037324391551 545.73720637817803 470.8556614642226
537.7992420894827 508.43312026043799 597.46273978291606 654.0647144085729 693.8791839712648
672.0972494237953 693.7328688116274 1474.20204410363 745.3218399618983 680.48486730269906
610.719012628364 653.270532165633 687.6750083754694 641.8746369072073 691.51883346932402
964 984.8156976217845 912.7944092414912 882.7047665386879 911.2249968406594
898.7839202953058 966.6579198402338 1037.216545053431 1014.7697950888899 1027.3778892928967
1009.2193286394983 1097.6838241779615 1139.2155574654248 1075.3571975963746 1100.4561342175448
1094.5906500317158 1184.2462377545903 1221.8078653707823 1233.2412528633495 1280.396577926463
1287.6852434152554 1391.7416684948944 1336.852047995096 1377.2141605418678 1337.7345145864344
1319.4353823956344 1375.402021000025 1401.1479702007314 1409.459370825596 1427.1732842320223
1367.1800704722336 1401.8811288183097 1387.813057870326 1340.1718656998755 1284.5869419086646
1246 1220.7884653948797 1264.8052687630502 1184.2814881222077 1251.2080403604421
1329.1251765599627 1269.098016714045 1312.405233644495 1295.2441133414402 1406.4851781903162
1386.420941844594 1438.6979441820959 1480.303965368738 1442.4730228353881 1527.25742990793
1615.66925252245 1557.9482377122044 1553.0010950433325 1546.9572193922463 1533.9651896137107
1534.3226813388153 1549.97451349275 1465.5444904751598 1428.4020408063848 1408.8016298046437
1462.185753517721 1442.3692021866709 1321.416196334693 1310.183767220667 1339.2961430908474
1333.1106683112309 1294.9018544391422 1152.353360358844 1140.5103307825977 1171.5234190545127
1253 1270.6605285657195 1252.9236103708763 1265.1306244822947 1219.5699317505694
1222.7592205636570 1194.1010870543164 1178.0757669293203 1149.4922336331451 1020.101210671247
1050.540282165259 1063.031555302025 1021.1835589033725 983.4557902045505 878.61601813270852
929.3690776242638 966.8671876497111 966.2772397832870 960.2144823577736 895.77247402114347
831.4768260307718 887.0455497077760 922.2748271839579 936.7865036179031 959.0434373458404
907.4360688547392 1043.3859599456337 1098.0150975070467 1075.8378799067114 1111.1083034779535
1046.790540455966 1083.404627595805 1103.7916215756386 1041.5899062869896 1178.4235784850630
1128 1252.721818933808 1352.345148529085 1453.2646161087405 1441.639402375016
1441.9630795640874 1429.4474497360216 1442.887658236348 1468.1080525954624 1538.6867638593058
1662.3661975882260 1863.913722415383 1818.7739689616808 1788.7876606977677 1699.9248185284280
1710.677963632498 1688.1818093859847 1675.8684098566141 1739.5702217875871 1709.951254922249
1742.626512554414 1849.3126213272512 1873.922521748805 1989.7063605619123 1981.6823868220195
2167.7478687590519 2059.49097218869 2078.291544308564 1989.64645362399 1992.9702115510902
1988.368114489198 1963.2559249964659 1945.6882024500014 1913.6196141844807 1848.3905678007836
930 974.0913322989198 806.4949059544341 731.99648678355641 820.7990788071139
859.5105881650339 919.9907016299892 813.45363903557461 803.38795814657340 882.6970196724114
926.9584890726309 729.359342798075 733.1211654257825 674.25490816981460 662.5232826121077
617.30671838888861 632.0158203723895 585.2923203995214 562.36285629809561 610.9478533441348
615.21335126124484 595.29881928866655 615.953973484502 658.5007360968822 784.18905746703990
705.4896008858331 611.3293405339188 618.62765027792398 646.22299615092993 659.29155215235357
615.0027899879426 692.20774800101992 673.6942250704725 680.55546032420011 577.42209650636926
768 663.33184206702060 685.5275342337138 767.56510028049274 763.0381908693156
865.6580217646845 813.290305224156 842.8280980578874 894.7926559933004 963.3348120002472
867.118567327822 804.3034751518895 707.4433500408031 706.2381314492607 772.88636607682031
843.39448319909059 763.890827688345 782.35181494248695 778.609722088778 806.7314206825373
773.2458659044283 891.34228737280159 863.53366213805646 794.3692607371732 809.017858343416
779.14106183874992 752.45417694158391 1022.2503173801239 891.9482017531730 781.752576173596
768.0456517224357 804.955979522252 831.20200269025997 806.54021162896322 782.30651909070946
643 715.625284806673 615.6417596212588 693.5112295788811 702.0847813435784
731.3568526707938 704.45413429535984 706.33905525100351 695.2173401269426 712.7042304564299
653.2070360737669 607.384790064447 587.56382572273060 630.6414600748402 571.0087165073497
535.5913314878621 550.85394242730342 522.7217358584356 496.6018017397583 521.4360320284743
510.99601604576861 596.4123540770626 624.1542947589534 588.6902916857247 684.91583641156433
718.7156574622422 674.888439469043 576.91134941523057 495.74291166495948 430.5889788278891
377.67417205031853 400.97735041262382 349.3169442424326 332.1869430283128 288.24462735341740
494.00000000000000 496.85261517552857 448.664249218328 422.71798444361656 433.0449034721291
521.21290982937535 515.5114054491373 596.16726241568961 592.3007902666587 641.35940106791918
616.06681094522651 623.47742946913650 504.76023393901801 513.0224945614226 583.2423883125742
681.223983588838 679.6516439069202 765.3348956159366 698.45104183506351 695.69350976211547
602.8768061618795 756.4899577173105 680.630087101354 676.9414598117712 580.667530941201
633.84851502766890 778.8139133312447 1385.378109654256 807.6383222075651 780.0696417733261
822.4329827337102 895.146606919106 873.60070026984965 862.9191029837984 718.61914802921626
485 468.60469070847404 562.01150349722491 531.67111855142696 537.9899422172583
604.9235685567870 643.1278284008591 582.6956386754244 631.38373008390522 623.2872259400023
577.406371289671 519.77501940560364 630.9878600279656 761.0054200419919 769.07053914386051
756.7869779650397 736.7754326915813 766.1215098333233 777.86081924366738 834.746344525176
833.7944901995844 706.3796137829984 714.60787316348842 647.3957107137524 633.6865199111661
787.66176690723898 783.803143579372 3301.725863488545 729.4010635720080 715.7786216273862
685.9447759506553 645.1502552990934 541.71038537954291 508.01330705007302 552.60574938712557
493 537.21181533450476 679.1707329171625 640.17357797554303 714.19209427137423
795.936916731682 873.9516409047343 924.2995426101514 878.13722211664617 835.4578227433972
890.45033900254407 815.1290828592613 828.75597835742906 799.4642250730337 797.4998666538988
810.4385943697287 860.3436543986032 874.5416937731335 831.985609272644 947.0207063030861
974.0089916488502 941.9570625463 898.8082529628491 957.3707826232489 881.3464301189380
962.747264069391 995.1537622323581 2805.2182230005665 1049.6485471060812 1063.7448745519926
973.113423337815 871.9229172008896 821.1416987472636 908.0125794626696 787.66590056887799
386 367.2625072572543 330.5701451585023 259.7967238509115 239.6405789244918
126.90776721034496 140.01567435776573 188.45469934911969 158.40265390584153 208.80376251102373
299.9335091306849 278.7330834434987 284.80227217429268 218.1911501269066 202.74803800373994
121.67058253006472 101.22057945023630 213.2597230360065 136.35964652981124 130.2697105570247
107.0117189786364 196.21799732155233 180.38101810083455 148.71730851645026 185.22075968237630
82.84547745084029 138.85931573406958 1784.0921407595206 129.29598532754378 96.38432999093382
35.06767810946208 85.858543452772608 105.52564334371306 132.21108280289153 148.1578454792984
278 198.63150891918019 231.43676825855098 235.4651971269391 246.78994334059485
252.3816718286266 200.81847679831580 331.3801767969143 254.95096267995689 249.1096186507165
224.0443406202172 176.2112732435873 156.1257079836234 14.744153003258873 -4.383714888776138
123.73144773792669 187.08425432138824 173.68630031536878 345.0458548494539 328.7666901723406
418.606169778686 447.48313629433630 390.4984748709097 441.64678302177731 462.7584570033220
452.5457905371653 284.0143661355954 2315.4810190935159 234.3443388595764 234.49971167787564
306.861332095731 338.64890894368096 387.986850017013 403.2089558709565 452.3898124818735
224.00000000000000 78.845331341290944 95.07021216960305 54.54142999002383 133.18830601309253
258.32438286165444 278.09540129267509 231.46716151906566 245.9935920215683 135.17536484684322
175.74970770037038 98.3654015567583 85.2638944912789 61.5777003064991 88.3945488527286
154.9751158410226 256.4438686571737 277.5700023495689 263.0123818975462 194.2115044057135
190.93887454546817 152.7762135487931 158.8687292181165 186.7364199360702 180.5525734098703
355.2364105296768 330.1515463073816 1467.6706067366813 437.2468411352376 316.79655784169842
311.94128479509772 179.85278298386490 209.4534711380962 130.5272533559446 204.73337440239749
187.00000000000000 167.2618259935299 148.24247414242407 259.80370396317505 169.86633194570760
163.7134116138568 219.74438905109110 236.83035015560540 347.15005283852332 383.6487927189052
228.1761537182596 181.45054766577908 162.4437367042245 116.95105277775349 69.095515103251202
42.79531263746444 66.379052222581450 -13.132367304168497 5.647120375484288 19.80401833625392
-24.513687092293967 32.22519381357401 38.461318581196508 5.3316074831772937 -77.843444907826
-126.98788502110983 -136.3190652600583 1760.209986992218 -147.20349295553899 -245.30496049603579
-269.8473818995692 -193.6363583265110 -178.4393167420482 -202.1473731701544 -152.10745532354457
125 121.28516075368285 98.5760009226616 -19.97355469808227 -36.429721942920807
-135.0298783580032 -190.56683929295522 -118.88686465356619 -82.61511714030294 -36.77613269763786
-72.44542818686193 -87.66691139561325 -139.34021912643144 -12.212913610489196 27.950595312939765
20.226934738022624 161.03904026009897 140.4555251833919 116.34811011612433 43.83936125618854
172.4639713066337 115.05832378726845 83.921792045926765 150.6571954390025 161.2991464132133
215.78286138824367 159.7751954369265 117.29860028377431 85.34083853027255 188.6065043088572
125.9094573905786 59.0949631240504 128.26285449673236 195.2800837344623 165.8703349784935
171 196.03805528323210 142.90113599491482 215.13900201246 204.817510423929
160.31989514605550 181.279731590918 231.3743369448327 296.66108261458123 328.58830218509007
372.3680454274188 476.1901992431655 385.9372381088530 473.4760251487066 512.1990903961937
517.8734135238982 455.03115134362440 471.150682315189 434.5338306817795 384.5735405996700
303.83303814767345 271.08286091823106 188.9956402070825 341.7247731132024 315.4514846333526
313.84284938098523 256.71906545182452 475.6066021562202 167.66755286431246 275.75307714488849
230.38045028510220 217.109940370824 243.4672091491731 275.05679011892715 344.81939494736775
251.00000000000000 314.7511307236482 304.1875492848301 363.8667375599778 544.710974943086
635.80110180777888 706.20459839093121 739.59838139533349 706.383734610095 619.7791929866829
609.81986198604045 617.8696067467932 611.30313892796 743.5399813602 795.67677258262336
776.55721447267308 755.205336419078 705.52579436264966 672.01654667760579 645.2523646805716
646.01820672999736 657.95705458212603 725.4854641665635 656.27350023646341 832.2962704054696
880.9177408368065 862.728176377562 781.5034917510320 921.1717285327268 899.0637312200117
803.47241338668789 896.25078424348351 954.022073438784 996.2142350011026 996.4014014313782
246 293.5519481432987 336.68007893168578 321.0277106357577 400.5588908468274
424.18629857482131 350.874384266634 338.76096398911244 385.38486218027407 329.8517245251228
331.4071546325981 331.663769398415 336.8287549561998 262.55292040520203 265.14801855148016
238.2214793959577 164.65995714314556 88.10889734054523 248.0913260643669 250.87517280309697
260.3996504479114 297.32021512002905 318.419735625736 346.782704027851 291.72334279416884
276.0432068428261 304.0069767888441 259.8890571238887 243.91124688556050 268.3408577018681
232.5980356262719 292.49981225637515 227.3512646393705 113.38660154607197 51.15504627222827
111.00000000000000 163.4772484828499 157.08999023073156 221.77372623496 288.52153065310313
273.3731767228167 255.6119399369916 195.07545821561590 176.6488290032601 238.40369047670487
142.25035770370465 175.65086530671579 192.4655091145413 153.73878616833855 145.06104730942027
157.37894490289324 214.57718853815271 256.68455803016519 205.6376869683156 179.86008026152115
147.70828666363241 321.8684301000792 223.94715674271856 189.2814873341145 204.5261899171516
208.80456280832445 110.42709134797212 111.8212342477072 177.36549939301443 64.863358104647645
-20.207459546353618 27.64459862871521 -59.445715366238929 -22.94197400349631 -40.83386995689256
-126 -204.39158260782779 -229.22329810267485 -249.30543281914825 -252.1325290807961
-238.8314234066026 -217.8229864504318 -133.71128574423966 -212.10743984932071 -211.2661866754011
-87.40356695004895 -61.64541494230907 93.35269245786174 135.1224600957092 206.0514602369187
321.0987633341493 313.62292969547326 361.3922582051421 420.5944360809335 390.91591581586897
332.92640667020225 322.2883589033734 359.0596206481046 396.2045423313302 384.3484000411177
309.304670045875 253.02012736803488 250.2018392475469 234.2480931377222 358.168836782732
462.63358932773008 530.0710582600479 653.4429536981517 587.34913802364986 540.5948494030048
-210 -328.51173029063233 -264.0145902174663 -151.04285499147562 -58.974520657763492
-153.18969399591944 -125.95529983891421 -223.91119443949822 -207.08685430460540 -120.71057725296998
-226.8367185766947 -186.22111252560106 -127.19066723170322 -120.194013438334 -85.45029694671607
-138.98269805756033 -144.60704168241787 -171.94063274945901 -219.47312928770549 -294.817704687492
-312.9654962017682 -321.09616593246506 -426.1221636650739 -476.74473466709810 -526.29322517561229
-502.525100507585 -536.5450209526575 -421.6750945074241 -356.40311779016298 -371.34295946118380
-378.8995872548634 -327.0374009685826 -280.31745011231851 -249.04728723880044 -200.5709614714385
-121 -80.224449169141337 -149.13196261531743 -87.82805186814120 -133.78150281309041
-216.77421353797649 -215.5248201979439 -233.989982010521 -196.20247692767219 -153.94517555992650
-273.16340320838651 -398.2124193853999 -390.57060890522320 -360.0097822575025 -316.0900015248801
-310.6015350728852 -277.9403763078704 -289.25256786293755 -277.80422416016546 -250.98613130500542
-243.6838845429364 -202.9415196598086 -158.01745729775749 -108.11297100198072 -78.487715351493875
-62.472634898369151 -86.75492523973735 -106.66601111732935 -143.65082056303351 9.001033221350951
26.934940814372695 -19.010213196861827 -73.38109718404749 -52.635296398098035 0.06592854437500506
