65 74.4559400750462 68.7718527186562 71.71619438401294 71.1322398090645
88.70502269813993 80.81831224244499 65.0269362253548 71.3391183868994 62.205048829476809
60.24819564892914 54.77999496253078 32.27750592098236 52.766317181790811 61.70645797494059
56.383203514848894 53.093393370680097 74.64598225866121 53.50815347954224 60.72716960204805
44.10172530619309 56.561076211648398 43.552316123466724 54.38753909079212 68.60285712147586
36.13327639075293 40.281259887617551 46.882268588533606 43.858045531119096 18.932496543986872
24.8644675527374 16.34876596547316 10.294975660663297 14.608472282911865 -7.0459322674970686
42 54.681150318703544 68.80196922544896 69.215278033216521 51.910572146432997
50.71586379803628 66.39125281023817 87.414028644123249 88.33819599141809 110.33335637764223
86.34395740449605 65.58790108585707 65.16988599117207 40.85912970054135 33.35124405746863
31.68669149756842 36.39646784412104 34.56170424178573 13.311953324655075 6.763779539799174
6.012217305935062 20.066762052458717 51.82068232260066 42.34088157984864 42.304753725757585
30.938606250758156 22.72677448630486 18.417135976078519 40.15616513616746 48.304403517026
74.385999399209396 50.99056923568608 18.494780746938694 23.976547370709511 22.604102092996889
37 59.33720624961326 67.993670375829154 68.49680726232866 32.536975543593876
37.539940821969999 40.91550384726177 34.948984146307261 55.13542244276572 35.84121300279571
34.87938148618015 34.23505948195577 54.18307663441336 62.366828378704653 57.31917892601857
46.773956890070991 40.5454446393106 30.86338298007800 40.95985294335695 42.11177142411699
20.1909059922402 35.420617932263198 45.152399875613277 30.67781083980746 22.254076944935299
4.245098816174856 3.935445857542192 2.5380770892561206 -2.9043750409183180 11.353997588472790
-6.841639352756564 -5.333824005914075 -25.120039713943374 -33.75446205870846 -55.813624525790502
75 81.684255197430687 88.19480149930006 117.79716641667727 122.3285310807041
105.08332833118602 96.46119637306469 111.11590465803047 96.61842711453217 107.35224362184302
120.2485370558697 113.30068019666984 114.6225772608632 99.54691773134218 106.11002707878392
111.97657538108807 119.17665829698706 121.90900401806242 130.5865864755336 125.08285106923499
125.80645831440923 146.3127464751792 145.9511254040609 154.9436964429978 182.04959244643373
186.22711524753132 206.29484604340078 220.28018584618158 232.0584694383703 229.14110541804780
267.51234514765747 264.7481987264488 258.95428201217811 226.8277096395512 235.68700283968508
124 134.2786046181758 123.88035826253014 136.3453069214566 140.2825807705127
135.7175256912559 131.00289281036726 130.2277596444484 136.21488447639780 131.03547270449815
130.43546361255605 102.73995505417119 99.85268325527088 117.55616893093615 126.06657371745710
143.51073446415714 173.46329647285694 192.84084537559102 166.50400906822543 154.78586758139758
138.35530007521459 146.55937248617823 162.44387315594389 158.12831407839957 175.95267970161268
157.71725709120088 154.01572236236197 176.40809248444330 181.0700957576077 177.58794189572035
186.57185929794576 195.22044431135572 217.0119357859998 199.7128535458312 207.45159168595677
205 207.82083951502520 220.73866060984514 222.87849198881088 239.3171548692106
241.66416565947515 262.8690448091207 280.9814351990053 282.1796232444586 310.0138776378517
322.24240997257198 331.192040502197 321.7983794338097 303.16958683656674 304.0024425066363
317.41085730862522 320.3351090085802 332.4500240057811 372.7830013225455 394.0844448061898
416.4717006897063 403.35196759388742 385.0015927658015 404.1705985714902 395.16181534792509
412.729401108146 426.4070046347376 456.11981953186074 452.8172622469598 454.82553730871587
444.1642298353332 456.807968071629 476.74206283782058 488.9984957845735 475.3149339798975
184.00000000000000 201.4521613900082 233.39567076938624 237.51967390995776 241.30338303839099
248.8285975446238 276.75646983224300 286.6664816762689 267.07674204084947 276.98625073293522
276.86182687022870 271.0414532703138 283.318230030041 269.19699763040433 279.1258453655236
268.6741878258829 266.26240521996777 250.8379990067714 269.17148664802539 260.74883285001698
260.1230872503193 263.94167705796508 270.23757261146375 270.7618758315411 242.47578566899512
253.0448695807328 265.9996821832461 264.8998079487209 267.047828067886 295.6166649459
317.37801180621528 308.08828601862757 314.7761351044588 312.43857786189704 316.7273775583366
12 40.122714911906421 60.819673241799904 84.9938566125423 71.77007393563918
84.7402250895414 66.4753732722036 82.431168012485685 95.40030279828687 94.53598668554376
130.77946447282716 124.63533952512063 113.85583694357510 103.87253261020707 119.31639103274884
125.4253878069234 157.16735004820140 166.84916013788228 159.1348674874494 192.68421622882113
184.08958695094424 190.80985291596173 166.06685867917949 150.67888607437729 168.89672690314231
189.6909300764725 186.00456789048545 191.07318299400970 204.6652105577029 213.96623945136750
198.84943552587458 188.4917235839124 194.92582711896642 190.6024714229843 177.9453386011736
-96 -105.13601511652520 -94.00099603983548 -119.17716626129052 -95.48078068410405
-107.80733629283351 -124.42541200176886 -144.21107092305908 -135.29498699931474 -147.45025378776978
-148.2435643584879 -93.56744761083677 -153.4256985622038 -179.22901741234881 -180.77308864662288
-169.89561822365744 -204.99765111612854 -223.81321847516833 -261.8474720813467 -261.3616062565661
-259.2844000842372 -258.3616772575917 -251.4203304594196 -276.8601285557144 -270.1572614882168
-265.02354541200975 -279.1483934878133 -236.3521127644895 -226.40089457028247 -241.8031623534306
-253.4560713960886 -269.62326999463232 -281.4441536194403 -258.54742559953439 -238.3187095426435
-34 -49.432751608112234 -18.93296534010107 4.440405470719533 -1.2082720578656874
-6.617001651990261 -34.34837370248969 -52.48287160734714 -42.74545438117656 -51.6890604013872
-52.27325523898534 -68.565184189979433 -86.037310711700982 -86.64621925265281 -59.966854923819760
-57.293018800306754 -66.89513414988993 -86.352733977298 -93.61018561149800 -109.11961981375872
-104.43195457827524 -94.05322875858869 -109.76888780543553 -92.6648671906139 -77.1979310577294
-81.917178428423369 -60.74336250405614 -50.172698773408541 -58.620535552348386 -68.0968136382451
-88.1268224583086 -105.9632378525133 -114.36081699027255 -98.7113769818953 -113.4818814029729
7 2.0434420788951879 -4.568503885949687 -15.796379863391600 -32.66223741386623
-53.60990129968093 -66.29086929327167 -54.954335999362 -42.48737867877954 -43.54961613890145
-56.52047110084943 -33.153174579551255 -42.59694731438852 -37.434556077070098 -21.77596325536958
7.7896094573591 7.494898259880491 24.82810613958919 35.60855636602111 17.209431275331724
-27.155653011252312 -25.90055578173762 -12.332245792843990 -7.179173202913178 2.624498888083179
-26.83187257112638 -39.21318555620871 -29.86456769461142 -34.73161711086072 -11.663621132910343
1.9682892100702087 -6.76233974697453 -26.929141572786765 -5.646497398261221 -9.598362044229601
-206 -209.88247455270763 -215.7006120199615 -215.8206373651822 -205.3705865005893
-206.51858211481036 -206.37715458928236 -218.16129213073418 -221.71626760621803 -184.21375804583749
-192.2256877275087 -200.44846872802964 -202.98437360564154 -203.866870318426 -213.205667713806
-208.3573663882078 -189.13747535233836 -158.67353770337905 -137.51663654479967 -132.7076101896913
-104.77994170096790 -73.062865009158841 -55.741768053522009 -52.53651989434282 -60.315069090539986
-55.3565561680462 -52.347536810385186 -48.115863277739 -32.34601009699004 -25.750612220679908
-48.459536155835671 -20.224477561362214 -4.761395786294274 -0.06044320525748148 -12.189630912940844
-716 -707.76127320787475 -697.2824398487242 -718.75620712625334 -729.4326189275371
-747.42117243326845 -727.87481925808811 -748.4075176082539 -718.33936740796958 -701.8108897793163
-727.84318357675397 -746.242988714175 -756.19745895170308 -729.99511823315595 -739.8064517207823
-770.640382367978 -796.3015666484804 -792.1206416290813 -787.0563690503690 -807.9196869746894
-803.56694248319855 -822.6270916724512 -798.068496047043 -814.9565666841821 -809.7519328621792
-792.6288784062757 -793.4616671058102 -281.60505154852763 -780.18633809245398 -770.3777452574134
-749.6939849792215 -745.51823076902144 -733.7045434479621 -737.77387476157628 -718.9005258974012
-1406 -1431.8351147018893 -1433.73195930706 -1463.7252227934641 -1443.458816089732
-1487.369675899148 -1477.9781051543857 -1490.5069464103731 -1445.0027950468743 -1438.37065364384
-1458.5716911947504 -1476.728646813418 -1472.990099499559 -1458.99248435421 -1449.473522296794
-1430.0573176859011 -1433.9315267409036 -1461.4232519246525 -1497.353280560677 -1512.0090513192326
-1472.4747062058916 -1489.0078556369474 -1508.4357347884238 -1525.3205048636803 -1541.0982673117232
-1555.352005992568 -1573.631407225256 298.8501037947274 -1593.4966869653547 -1633.58305127458
-1626.1542374448725 -1642.571100666305 -1642.1426861697189 -1640.1526799778205 -1625.010765585542
-1780 -1796.405559641192 -1824.762835645316 -1840.0905441431837 -1809.125067200681
-1835.7268150336436 -1831.5035120275475 -1832.651959745587 -1810.0570640743108 -1805.296657212052
-1770.7480336840001 -1802.5840468767844 -1838.5725552378494 -1794.3074974050310 -1790.8257506407258
-1811.5067988852131 -1819.7736061446465 -1830.746654405437 -1858.3127469909737 -1902.221817513814
-1866.0259956360751 -1908.711942023662 -1907.9746532225906 -1916.897198092644 -1910.9302421124999
-1925.608791389566 -1922.529447746085 -159.4164641768384 -1953.6495484360473 -1974.161355015758
-1942.6791885511925 -1907.574934431557 -1878.0982560352591 -1887.7544694818489 -1860.5222882020114
-1476 -1477.1479553905131 -1490.6979644826583 -1504.85197716151 -1467.2958081288643
-1487.6507497766445 -1479.223271097515 -1473.291170034447 -1463.329284000332 -1437.6800423637314
-1423.92542102193 -1449.064799895592 -1455.333944650028 -1429.014772341318 -1412.7603699436488
-1418.907427338578 -1396.3827076003074 -1389.872945639023 -1418.801048839281 -1411.122531638115
-1366.5445568291022 -1412.883739139078 -1415.8143990237531 -1429.6048126633179 -1420.3516365211226
-1409.936153374803 -1413.08397845968 -124.68109700441663 -1434.504708317283 -1439.3614992211287
-1445.529660247442 -1452.1730317857343 -1456.3112578817836 -1451.1809691453539 -1443.427533713336
-655 -648.752237795992 -670.89215117214019 -673.151470033023 -645.4437621005745
-672.8550130271070 -691.6146591553631 -686.19816994891880 -698.2760421071085 -695.7692594503164
-706.3461333915664 -713.37456613879363 -736.5981176170385 -703.9936374348101 -680.57069861652838
-694.0380960415998 -693.6545910808270 -724.6021560232114 -735.3488782262173 -744.53048043051240
-755.1014038214093 -777.7520602243493 -778.969080876961 -779.6964470150485 -769.53924532019164
-796.4802683880965 -762.6494775165469 -151.4161065464575 -789.8229407520323 -824.696084391463
-854.70876473189333 -830.56109680547922 -807.5543416073052 -801.0820721502178 -820.6288041711543
262 264.33195892612531 266.31777145902493 283.4152292517246 271.98413071327678
286.73822105111270 262.1115155820317 268.61383679708740 265.2523096163029 254.79612909931569
275.0724318538068 293.15969639547973 288.7734932216932 304.3169522172533 325.5769832478557
316.3932641563121 321.3828653710337 307.6503246625218 339.66209499212800 323.8111163857697
338.20271413295086 333.7375961744793 356.1775191527544 370.7015667696715 381.63812290375472
378.3730896966065 383.15379942771028 403.16025497317918 396.18297385349121 382.26765755494
364.7039780544397 374.70967319041375 382.8158774735537 368.7082106286762 378.8883958672115
964 972.6104041927574 966.1736275071277 966.7995960725467 970.0091479180193
978.8748735309186 989.7285317951034 1009.297111931831 997.8096533932428 999.3086104549521
999.9424497733094 1034.9996700706315 1051.6058067888193 1017.7621520161492 1016.3152066089772
1018.1353098056748 1036.1532422511477 1049.1462925138203 1056.064484342824 1078.4109833480445
1071.6075668866356 1108.2051145643056 1095.1542645772952 1106.619243164083 1100.3659459830394
1103.8138889439242 1115.4941741992834 1119.6837799778812 1124.4939395153615 1137.3626678633946
1121.9146847976165 1128.2638955772545 1122.925893727191 1101.237346392171 1079.1328986446656
1246 1244.1000974846013 1270.0570032853232 1260.458091874527 1272.1223542705945
1307.0809842307965 1284.1705711769202 1297.4905694929885 1285.6056724824466 1311.2792988132774
1312.9501229573516 1342.7461433863662 1361.1913327409286 1328.6243494441699 1339.839940076589
1366.190765965666 1346.07859136205 1349.4983343513118 1353.2348413877146 1363.6329480544341
1352.5734867422723 1370.165872160496 1349.9263723209033 1342.4172798838115 1342.1917636764642
1365.9074176407257 1357.9657564707329 1324.8233407173991 1325.5468283445514 1343.7342080958595
1341.6066144903898 1329.0479140894076 1291.0571119335632 1275.4576630267011 1272.6015594386326
1253 1261.8428491263894 1272.4453284967997 1286.088284502998 1269.602267253972
1285.965897985039 1270.8533391383835 1269.3542098989242 1254.5710432528283 1220.074644036126
1234.4088618998558 1254.3524206457912 1251.9792948403103 1219.3082777681195 1183.0617533271632
1200.0217528750240 1203.6824385763935 1208.217640539618 1211.9789073343759 1209.5911829239953
1182.3058027827203 1209.9542617973277 1219.634463518902 1225.048883056816 1235.3139647540409
1232.8400019764488 1263.8231675729687 1274.559972143262 1272.5671030696551 1292.3552828686095
1275.691351894061 1281.8214863138526 1284.5513332593571 1256.2912090394912 1279.8306481989396
1128 1163.1664601277332 1201.6089307234950 1236.3734156515864 1228.8796324842724
1242.9739564258766 1232.6899230874606 1238.3070562126534 1237.7367712531302 1253.4471555007074
1290.4206289281296 1355.95020386265 1351.9471881455431 1323.529879647511 1292.278842812168
1298.8127130573539 1288.044848832492 1289.1820401415691 1309.8580170975617 1314.8070608688729
1312.88286963759 1351.938340718718 1358.8766189315702 1389.430856754875 1391.656752260996
1447.5607108548843 1417.791890946326 1419.862902901252 1400.8987723276873 1411.605854958808
1409.9291495543960 1400.929329676896 1394.4066209494704 1374.947705001518 1349.0358079802156
930 944.3091673093767 913.5705868962663 902.8069703755816 921.2253877498124
942.4568699822293 951.6777254143354 926.9043510158232 918.7193964843082 936.951898551409
953.0082782645211 916.0931593969369 923.0373278739671 891.072288177165 880.69004362063
872.5564638160017 871.99281921718978 863.7875233977497 861.97181277587 884.303363902194
877.04837734905004 882.279910859243 888.0915689914830 900.054233626516 934.9653713407024
923.0302739879148 897.26035600778187 896.917298780849 906.4520768721045 917.8617807030380
906.355770605895 923.4129955444348 917.0278562794817 909.309791812894 875.60773548112979
768 744.546836529883 759.31219408862307 786.3132404314174 782.05812262151153
817.2541218053274 799.2906176020084 808.21180181051682 816.5218290905902 832.340402258534
812.40795129992 807.0140973897112 787.7569708924120 773.21176399291528 783.72211113116111
803.967410348184 780.5893172955301 788.0747198138620 790.37359590137044 805.815108541399
790.5718862200976 828.5276129576887 822.11047153068 805.9143690494145 812.45780453852865
811.3801547635996 802.8670066348194 809.6375441899194 838.12724374667755 817.3025199215505
813.5175378205466 820.89199806543365 826.00276132752299 812.04717304708572 799.44942366545627
643 663.4284856241176 646.1489681226523 671.05140599799154 670.5797678142665
685.88592322258478 675.08156814846041 676.8394145957678 670.13977338372342 673.408880040146
661.9853566589383 659.1616675563698 658.35738060354981 657.2012304053976 637.1425881248687
630.48036110064879 631.3638508023006 626.73380712646929 622.9117907198489 636.16244409748560
627.799068979393 656.2124406502763 663.59586145736182 655.6466362486096 682.1153491934770
695.916562571831 683.4180425792782 657.42507212145256 638.95544705333793 628.29671565703950
614.768072054546 619.04235980090607 604.91263918709 594.10792488457889 577.6473631834808
494.00000000000000 496.4587980002429 490.33998600499370 488.0290415386118 488.6017154548374
516.78079319157996 512.2218779250564 533.3743155834097 529.3966696442416 540.8142115087575
537.142203878461 545.626499202257 519.1362692800833 512.03974106029921 525.63775422437595
551.8173006327763 549.17151192006520 572.43849270951910 557.7979892313090 562.5188633326616
534.8945236153806 578.7212762920326 560.10044581453928 559.88262355889333 537.6674685902760
555.0739455747985 590.13083565744057 1467.7002313051667 597.585694476816 595.018714719122
605.3791124746117 622.3655365908786 616.04590002000089 608.36465510673577 568.08338099562854
485 482.61501364895042 511.7869912481922 508.3014426589867 507.90869496646127
530.66736861916536 537.14198317904982 523.0044005394055 532.2202522732533 529.36444859484311
520.49707471299462 512.6000580699473 543.53423673924749 567.04345409687994 565.17486396799518
563.7574384118067 556.542889463417 565.6919419738866 570.669326176673 590.2023971792383
585.62479908093235 559.09573670164446 561.49066901761807 545.37913096565717 543.77139544269733
586.30153718566112 584.1740010819794 2321.341509815322 570.8177056775943 571.65848652781540
563.97378587779451 552.6048900548033 525.8287635553744 512.48493909041599 519.50339703167526
493 505.7950643472615 547.2010726711994 541.6189529875290 558.118593135242
584.6794516666822 601.05593673518467 614.6293846199208 600.083871792816 588.5686259129673
604.96252819817050 592.75043048129612 599.33976771101106 582.87328276225048 578.4332429247955
583.3486632374411 593.576784581562 598.96872510548712 590.40595248994987 624.564031929661
626.89988714891501 624.2993909874122 613.85562913408455 629.199170337459 612.04265778581362
636.495774906448 643.4153376452197 2275.663352640476 657.2872869080746 665.12780367436403
642.2399698588542 615.7527743134276 602.1261987791265 618.8432167783548 584.5587764301628
386 382.6796322063282 378.1387600717287 363.70813751150342 357.09927222202737
333.7114364856128 334.5399393449678 347.422065509511 337.5563076504374 349.49467228631090
374.34864740589302 374.2303492987278 378.23951008202835 354.4276849489294 347.4750310767359
328.5216205878377 321.6489099721286 351.101248084784 333.50185152354919 336.206815401125
326.93850529307116 353.4778429113680 349.78749881494838 342.42192191028039 352.9959310947250
330.6145298722286 343.69248060822775 2020.3818320802156 341.4960205728189 336.6477089156588
321.138487505902 332.9048171514227 337.092442883863 339.848445666843 340.54844371697675
278 259.1402438074637 270.67771592843224 274.0346669515783 275.73525123015236
280.5868415889737 265.93263414785957 299.1293255642032 278.3275569403664 276.3905067380114
271.61612425934356 263.38983335163044 260.16310027748756 219.6617156652768 212.6529572831755
245.62950710955772 260.1999928561510 257.88944092487196 301.90011472201320 300.8749621746902
320.84737146658483 331.118684372839 317.0661832580063 330.2496267118294 336.5705107441165
336.33095183544719 293.53153755869033 2153.2290516637154 281.2540192718355 283.72687647952915
301.68760218982180 308.96370495127724 320.77305164758451 321.7587095391935 331.68682382644829
224.00000000000000 188.5028800058183 195.2472269470409 187.00843072788348 205.7591608503264
239.82598382162590 243.34786236782654 232.1390170911129 234.40530032396944 206.3166284954318
217.66235051991561 201.3233337313634 199.49401252596468 189.41799248971651 194.327955433336
211.73675924520902 236.08247852321458 242.2011406935457 239.50510204331292 224.7581166679014
221.935674395031 214.8542320455908 216.53340697007758 223.81970402801130 223.1141175053311
268.6492786793937 261.8409797766773 1941.2764485745058 288.72759999875495 260.5762490915523
259.25794095833970 225.6953216748870 232.6723604755536 210.66868171310773 227.3129084859934
187.00000000000000 182.72625703803726 180.21552487564043 209.68648266079646 186.4416266154402
187.22654074213256 200.04810731791125 204.6937768023915 231.1339004130861 239.93791792104707
202.0733273234575 192.90228372442044 189.3577791532354 174.51636634733211 161.05460425424505
155.11707509368003 160.16026584188776 140.9812639768629 146.46367843489460 152.05091523553895
139.2982689718828 155.53600117267672 157.22530291519914 149.20949571555715 129.1172957667289
118.3874614267952 115.6062980973453 1448.3497037452355 112.97935612136018 90.09125764840587
83.86842191367357 102.4699619751054 105.91598167708872 98.09214950192919 109.00987114040282
125 124.5130017790990 120.33578254352263 91.75497808350262 87.132571940080808
64.035436719769478 49.358296898110417 67.52841034963663 75.834447455201826 87.07984365802416
78.83335478075274 76.70603071257766 64.59465442773646 94.05813734129053 103.09775944216014
101.59299500423413 136.22600524299418 131.5472742122283 126.04685262329805 109.28865759444507
140.3263476026986 127.34726993029507 119.65021624002435 136.5122893976936 139.64173646539237
154.3029564447029 140.00132854663784 182.0272422967317 121.45568380385474 148.36653100529895
132.63396019561640 115.6287217681336 132.6845711526594 148.17095194596027 139.75417129227634
171 177.86377527685596 166.6316422027174 186.13651622809070 182.86070092449171
173.86066961759559 178.01594209253525 190.88175730603072 206.16116483434502 213.8497390530417
225.7123771368312 253.9634835228973 232.50415172559630 251.2173546248494 259.5284039188982
261.5299588663631 245.0396112393683 249.70855208840555 241.2744983994022 230.65720718950197
208.94202487054145 202.63183375895576 182.22915298841713 220.6552443342067 214.72845856967606
215.7494181668207 201.058466975328 177.6679967411315 178.88169688239827 207.40025922784201
195.97733569130096 192.24709908308759 198.5133993862490 204.67627115461937 220.66090050203127
251.00000000000000 267.8247395549941 268.19598620542479 285.237404840105 329.42766860680001
355.31843132095941 371.32716309420198 380.1778493869938 370.3442929470010 348.2627429261974
347.1199468460663 352.5019008781521 352.48064082435337 380.88461775382694 391.9082952584177
387.9841163481831 381.501554422132 370.01970156675418 362.6994654586896 358.7573562691821
356.7029440727881 362.44330312435534 379.5002606445546 362.5551400593054 407.5025029244422
421.74677533326684 416.5975637067022 395.7063642700736 431.33484426912514 428.00546190059686
403.9905478093992 426.57949788300976 440.5481842768764 448.55022822306358 446.4598181535315
246 258.7572754462796 272.4914473246244 270.6577134387290 289.5400474857029
298.5030142603492 278.6146092942737 276.0784899749175 286.2350457699347 271.92992073751003
273.63898153460696 277.00553119859825 279.8848564630395 256.7533978853209 255.4317023260748
249.53873212621500 230.02655979603020 211.80814159457273 252.83976730160910 256.22990560859739
256.409890811225 268.34078569949196 273.7870377802060 281.2285213856346 268.3865930271335
266.5138521908661 272.9149626220265 261.3121083755923 258.01490489048223 266.2761473239377
257.2256895353764 271.607555646748 254.8557277758842 223.86928261881238 206.21676586183813
111.00000000000000 124.5115520132348 124.2468002515001 141.35598123986455 157.59150481739593
155.18339498333614 150.03899095280599 135.12697689747299 129.84375259618150 145.09212524637726
121.64949352871794 131.48972592927404 136.4099590565331 124.66958932267922 121.61104005252065
125.0689362776422 138.86232285257503 149.80399241728702 137.50974642578799 132.28100981037369
123.24986670703183 168.00853534234830 143.6055433726256 135.097387431222 139.324998956823
141.31837079678726 116.45785919940980 116.5476772387676 133.24835591235615 106.09467510230112
84.7751922264105 96.47037277374227 74.4881166437273 82.488133238088 77.07002225309270
-126 -146.0431409353607 -153.76314109702878 -159.8487118968744 -160.0430547154165
-158.28310541139504 -152.23175338772793 -131.45594896119229 -150.2869925165299 -149.86061451594333
-119.57116125960017 -114.82309436555005 -76.886973768553588 -64.10764164593679 -45.36612643960687
-17.033860576748914 -18.328242715524834 -6.85679550842579 7.4131053252122809 -1.38646886467385
-14.756435946697909 -18.799260769502418 -9.694221212344827 -0.58763887941389648 -4.024385450706292
-23.83393151495437 -37.602958082896720 -38.013850578040568 -42.3594146802263 -12.48241497182625
13.692548717177075 30.85594372999409 61.93693003583383 46.69154604546910 36.07583210271708
-210 -240.3700080449977 -226.7658418399667 -200.29796990134784 -176.42683423980338
-202.5895060985539 -194.44883625159525 -219.35801115176190 -213.87193449981766 -191.917757391731
-219.57629551432032 -212.24151251468834 -198.8395782796243 -193.19559780935708 -182.82756006807341
-196.926593531534 -197.37505231959318 -204.99325828688376 -217.76078848029499 -238.8968392029416
-241.5547700741897 -245.8929589753594 -272.2957515402202 -285.2508077705187 -298.4257820622127
-294.23144017093495 -302.23290511300695 -273.0259576100684 -257.30317605530234 -262.8767801444783
-264.6679778383084 -251.19571830050901 -239.11904317591996 -229.1713859104392 -215.26420744791665
-121 -111.233689112062 -129.91263593267513 -115.60943198880172 -126.60569805145764
-148.8570866918677 -147.77721155575202 -152.63561796724156 -142.4512227165067 -131.67940666377734
-162.13333185108584 -195.0199351338635 -193.89061074095108 -184.0062476044832 -172.05708745549958
-171.09748472571843 -162.380419409242 -165.66066630879050 -163.30816673129178 -157.92882795367655
-155.02059455894099 -146.16342285095880 -135.01669996966865 -122.71309759122393 -115.76073630437563
-112.76396810710973 -118.54442004734352 -123.2401659315641 -132.82932413856375 -95.72576966504815
-91.18584957724340 -102.38017489474851 -115.74432838357690 -109.33052531947408 -95.1249346100342
