29 -24.23411682435707 4.5801831137821125 -31.720141591078011 -62.472957813108451
10.318457688613861 47.080974416569298 54.93093756958064 191.2741053939097 221.7950942633766
172.2516069108844 158.80434091812009 -54.73322869313762 -51.375665324145800 -148.85048169653857
-195.11322093649787 -349.64726180679179 -468.0005725840945 -365.28697891429272 -436.4985355625585
-435.4519103872826 -391.55542015727258 -418.03450016291737 -495.2383874156358 -533.12287000494155
-550.67844758591423 -622.0655665355634 -592.9488460443406 -632.98424311505187 -695.9019319194791
NA NA NA NA NA
25 -21.766826354603182 -63.34708380096514 -21.54369417554602 99.3639639152656
119.35498931551257 137.7101545091953 135.6045110562371 160.4572366182283 118.69414689711904
184.0031744869098 279.3597976386544 218.9343286037644 261.21029257381258 284.68573761504746
253.2831891169586 241.8118512045829 279.0913106867471 290.1304265596046 402.323692054714
461.9730405488966 447.0289488744837 514.02495306551532 554.3885676594289 571.004573402293
490.0822035903923 566.71380591326442 572.06336022110531 683.450667714745 698.55826494727057
NA NA NA NA NA
17 98.680436074076 99.83076596901249 77.511014234646353 -13.156440740039358
-66.288617509320517 -163.2761629040403 -56.451014786876456 -217.1381848846908 -216.89090322403712
-302.5390648380960 -244.4698773669203 -265.63310772969930 -289.5986527601842 -312.50291812356198
-361.44455671262256 -332.5086401139705 -518.6922109809266 -526.53049434213392 -447.093598590372
-528.98252446685956 -593.826333390015 -503.1436588201324 -365.94538328391758 -376.8225925619087
-361.3353024368827 -346.4636867599468 -336.2659845641542 -396.0589358816626 -298.3806329862864
NA NA NA NA NA
15 -122.9791182760583 -40.01744596613605 -84.99451239754038 -151.60132980987834
-141.5425250378381 -91.51093733100382 -154.71291591069524 -141.21544345286665 -96.1473746306869
37.216894054163532 162.34674377103053 136.91713833879365 103.53453471882614 72.33033573448323
122.51976069683499 -64.21200305429682 -122.11958118510648 -223.488141541642 -312.26997043335274
-324.3530095745211 -343.5819107119316 -385.5898532925152 -335.5680261454153 -333.2918917602892
-264.36911743728740 -280.59533618341794 -264.74430242984295 -330.3360099967458 -303.0770502327239
NA NA NA NA NA
24 -6.4147146822436980 -19.87970408053268 -31.16370574281759 -3.274821989183685
-24.150587677390192 -47.565203113398638 -34.9992552733807 -8.64863657114428 -49.47022172114372
-122.05546005352619 -129.20196249665065 -126.54229457427350 -240.5731762910904 -263.2306243322892
-225.23886823740506 -161.62455810996903 -150.22487657027145 -113.32354478666055 -178.62376737924922
-121.67995593449982 -172.2990347645961 -254.8643424542555 -266.04633437596624 -284.0454200304698
-282.38322442091174 -276.18573465368354 -327.4435865665305 -420.53131830957670 -264.9594125377678
NA NA NA NA NA
45 164.9694858836193 149.36716146228758 193.46258777644294 137.14855985804130
50.085991083329390 52.01328512408516 72.01507216737544 76.93915846639754 184.16076278467659
226.6665274846157 287.72923608788 417.8724172530864 402.20087012733273 379.9436145431883
368.0143298007104 353.322936727704 394.5312124533105 406.7418034074987 442.13522874021533
478.823733742461 530.04480647113598 618.5777378666027 587.4371261041664 637.1703335653822
679.00988056944163 628.8940075904943 760.17418468332949 787.337666435501 688.52075844606895
NA NA NA NA NA
60 35.552158680802904 249.080025107692 241.1803301894172 168.82340458784716
160.2177791208067 246.0065953360593 209.4114861820962 249.6206544111761 353.469346259938
296.48660224844468 360.47208446713364 324.088152322866 355.88869452421591 374.35745251999765
370.9338638519311 353.05594164624983 352.2852270058326 359.1738830104893 347.11726500697773
249.318667763208 265.3405961992543 331.7977915067969 355.7097874606072 337.5507555587606
386.9244173724083 403.5032727229533 1213.505176718832 529.733314178902 550.2650652766374
NA NA NA NA NA
70 98.92223823661786 112.9893143214342 86.86711441193606 -32.53570523443736
28.1570216746901 -18.032468188765982 -42.19564961231742 46.7862390902403 -83.376824651585281
10.760461889195412 7.286654515703144 170.00330019572516 172.95745888918347 183.8032640807959
258.0021882917913 285.09237057863578 279.4130111526974 263.4110799047227 230.77777576108460
181.89581041761932 247.9124042597547 213.67286637143263 275.5076242831198 368.9706833406920
360.07360079001586 281.4070706532104 1323.6876259231638 447.9257166402113 545.36192233662416
NA NA NA NA NA
77 122.70691341153206 153.96429946860485 197.84758200877650 284.0170519182223
264.9670541686991 281.43238890853053 198.22349526924953 121.23744515212687 184.9309903861244
172.61241978430988 73.06996395009176 18.70829065810609 87.13508686959926 39.359900134585949
87.73128833996120 173.65387594917792 126.72498002986812 182.10593320959774 207.26171016245871
253.7100574985442 371.92668873699586 313.48685778818742 315.1794524327772 381.2673068078976
410.2191354355681 470.3290501426258 1215.7116805978567 456.97919004402996 451.61698217619158
NA NA NA NA NA
75 171.79956095531219 168.83074402824764 162.35431657434791 207.44576911470745
132.1762886376920 175.16999626366982 298.14412978498672 295.8275002253383 251.90821211074694
237.4671641432764 168.95415640147496 216.28218647460807 263.62309518449155 261.36739120245204
157.17290346221478 166.49171404291886 170.36062347522551 169.16270875523978 188.1548715352964
98.08816253984091 112.09164961616665 147.21564740510900 121.9774510333322 92.40755183135752
143.05471108379879 76.55275328802685 1639.3391167036893 102.62083162022051 150.39824727195779
NA NA NA NA NA
103 73.398645473934252 141.9292765238285 218.87953683093241 132.55693570049169
205.68355748242035 34.614921563333382 -23.93683686764711 -48.76349467987325 67.6591268299171
57.57032569059533 114.57651814145171 39.3176442631513 47.396288029800338 113.84538803731596
73.375934004692027 -42.1008963016106 -52.900551543279455 -166.28610538394548 -190.39471576576412
-176.5084603837765 -160.7371109020737 -258.11804370841980 -204.78497791618349 -227.76670276480766
-215.5942382694714 -154.21910100605817 804.1540826132077 -184.3382248492594 -283.9189528732855
NA NA NA NA NA
280 248.1638283300564 217.57009146578235 221.75058386671907 182.76017849182466
269.6097904831472 300.2933172791205 302.66308041885304 291.9447025384885 238.64484075408012
228.40167907969521 165.18672154575620 171.18167683690615 283.12401095927095 230.8819174611113
300.0865737590366 263.3086626313439 352.19374835765251 250.64961029698054 201.41226367948590
218.3283316185806 310.9427908826148 438.026917970457 557.9315043719729 727.2737796817214
704.1957582137296 665.1753490761935 801.99053409979547 665.5456819052183 634.3680814470764
NA NA NA NA NA
716 716.2728612198689 579.3089774665532 558.54796601874045 447.8099888887181
437.6900341294146 415.0928187268256 430.02695664877797 390.545336116487 414.41583233791050
402.72113965333881 402.297187388379 496.01112449789684 472.1584878130977 473.07689073834030
342.9620254102077 355.20351229890701 300.617353721582 295.4619826105103 306.59774634694566
445.9538001519085 370.708843812845 333.20431484619201 298.6549047021422 286.6183484425716
281.27918396315448 253.7392822941988 630.5871645527118 293.5255646867341 302.0593199825392
NA NA NA NA NA
1458 1488.3849027767621 1450.691321287795 1558.8491914560054 1640.27309257384
1591.059042727995 1422.589966957805 1267.2166690707961 1276.435366122206 1379.447582750089
1426.5622616216294 1439.4920827127769 1318.943426867444 1305.2131316644115 1395.3259308231341
1390.0226297230704 1421.215109167616 1524.848373559897 1657.70848065876 1654.8468813489899
1577.5939556704168 1607.761851826933 1569.0448257558405 1648.4071984157890 1562.773452141243
1502.5613006757883 1402.8410177046735 1440.2595240881974 1422.4942455139405 1352.2051957593292
NA NA NA NA NA
1945 1885.8878462864716 2023.4313051745669 2058.78984998335 2021.7291726494259
2035.768040853093 2036.0588188624470 1938.9593360311426 1928.0348388160046 1824.793559797717
1899.6634315996075 1938.6833828304766 1957.001754886508 1964.164660318998 1977.924550248945
2083.167695953064 2071.4713562522411 2002.2322522071081 2106.293613097193 2156.4640290096822
2270.135882480343 2408.4212087947540 2429.687119901766 2486.1603326751242 2595.6957150153657
2616.3750193174956 2539.783091992614 2648.1362943730642 2783.8997213736407 2726.8268307422759
NA NA NA NA NA
2047.0000000000000 2128.5128572351377 2246.6738363620748 2381.0169281468552 2468.3913266996951
2435.055522382316 2458.9982482898040 2430.6905277738042 2412.3358672021227 2459.358310612512
2371.50004256419 2319.946598322815 2259.0509489488754 2125.421756830509 2185.0358734395504
2256.629873911465 2352.0412988169378 2396.8490363338015 2381.729869677626 2355.105022142085
2342.808484284894 2377.5858449868720 2492.304342478019 2526.163007289867 2483.842487634129
2421.1062441375129 2391.826699318125 2452.1816427605077 2445.0971672611336 2311.52117418577
NA NA NA NA NA
2047.0000000000000 1969.8069583605782 1869.9525946908539 1973.6112963377059 1988.9875692186768
1873.7236993238041 1776.4931936556682 1670.0011478544018 1513.66966388765 1585.2485486526352
1606.0797936247343 1632.71761047241 1738.918914644662 1731.2452329329342 1819.2638774923
1891.2300603475023 1851.96774236698 1906.0555053395417 2020.9096039669485 1994.770274533039
2073.1120155446506 2026.5224139120571 1980.8919308837035 1933.0415750986931 1976.9114877459399
2054.4493484685545 1997.6347319597044 1941.618601639984 2073.035521344011 2016.781800414089
NA NA NA NA NA
2047.0000000000000 1900.1528712337210 1814.880054400682 1924.2617726245801 1996.6290777694121
2033.2821216278294 2032.619931349665 2059.660386218897 2008.8145537544985 2086.648559551206
1955.0917746832774 1811.1018998779368 1897.9279863105437 1956.1096305389653 2015.4884057245847
1902.0022575750004 1911.7600771064617 1990.0740287812498 2025.4408185894135 2019.8537398783003
2087.8723417774795 2315.479884254341 2343.669725737773 2338.24820416286 2400.267325666443
2277.641493551533 2184.9870633771920 2207.313040806982 2142.6211317982206 2092.2938348083308
NA NA NA NA NA
2047.0000000000000 2184.7468793771855 2243.2622050605555 2236.5075189790655 2234.8684843218380
2230.914616744490 2070.0622120517528 2074.209572723039 1951.8064835029109 1888.1247634501090
1958.0146643020682 1956.2420768921370 1930.53991197874 1910.5859596168982 1942.1528639790674
1942.3854251470821 1818.0309096626743 1766.815535472909 1858.5345153687492 1812.3653835185060
1774.0092783793552 1739.3123193233341 1621.8686894539296 1722.3621118853844 1841.295323523411
1759.0675235371882 1792.4801475345257 1783.4078346285658 1820.646130563146 1887.1169677460430
NA NA NA NA NA
1311 1353.379620629967 1281.932401158821 1245.0236523969002 1243.7181576814091
1213.4832209173258 1249.467281944478 1139.6188167523321 1188.584947294468 1299.6341781736348
1310.0331868752241 1383.668980951042 1329.7647278182626 1336.1208716237111 1452.6603720444944
1264.6175456576448 1349.219755316372 1335.4739848187844 1467.1618460991756 1451.2607128818365
1488.3204440176287 1571.1691819482444 1572.4049106872110 1529.0532223183702 1526.0751311426275
1488.715510737456 1537.925315063648 1552.3031314942293 1542.3744414952860 1505.7636675495285
NA NA NA NA NA
247.00000000000000 323.11731636677632 354.04777792415570 367.5792086893347 430.6043343394384
365.50499530310566 265.0611252259066 123.4851972637147 105.8254421605689 98.66698759565470
158.73810395766463 121.95901628870310 223.53934765710915 220.06222724189550 272.7173929060671
211.95158448104684 156.93614854386124 176.57642970614242 272.0258659182365 279.9561404108834
309.439025785065 344.07853374549228 353.3851752569935 312.7893927230481 331.86854771720505
298.31456382958123 160.7279936536051 125.16008743681266 166.47985730607502 138.78476751465797
NA NA NA NA NA
-661.00000000000000 -688.6822428926054 -644.4808618345305 -566.3399348261062 -564.9426843109063
-557.9145225501484 -554.28322114028060 -584.2729995278577 -558.5273860071105 -614.5330802419385
-544.68519049368751 -541.13558670736506 -465.2833280375545 -401.1342624106264 -331.53643399417984
-274.48058614714097 -313.75057133916744 -262.9445834899034 -318.9921921014682 -260.1388490079258
-280.22007546019046 -273.68316097194082 -314.6832701906094 -312.9307323464046 -339.0221369191314
-377.56928541626809 -298.0325671008057 173.36247944334693 51.54141956647328 53.39947254136742
NA NA NA NA NA
-1331 -1316.5810968750363 -1318.1710243965892 -1369.9857478548172 -1352.4477005373276
-1251.6574730216651 -1379.04466939838 -1363.6176142005870 -1398.7429347239504 -1410.383528715337
-1389.2404087749915 -1430.316553372587 -1357.3114317041407 -1388.579893833624 -1526.309395070767
-1499.9930856110145 -1542.7732418545258 -1555.2406517939085 -1561.3429689909312 -1532.874662991203
-1527.2916525168619 -1583.4019357189395 -1629.0163033733656 -1497.7211163647753 -1468.6814949322288
-1369.593979234607 -1401.7894650513294 524.3054067637265 -1387.5990084295395 -1323.087880114381
NA NA NA NA NA
-1815 -1909.518689114162 -1985.8882872967047 -2111.968848050709 -2109.6758292017112
-2024.9345489881230 -1961.8720704224575 -1896.071537207103 -1807.2866313938412 -1770.7091748581656
-1730.8250974995544 -1692.150922841008 -1757.5587056392778 -1763.1704512911190 -1908.1809519539474
-1949.949867444607 -2080.9169882881160 -2240.0898566043957 -2327.7208515554771 -2224.358234563639
-2228.337293909713 -2164.1204861166070 -2113.204031185829 -2197.0040046684271 -2290.878510676868
-2288.925316044912 -2246.8741248784759 260.8377579583576 -2292.9485317172198 -2271.2917410675268
NA NA NA NA NA
-2017 -2022.346808643978 -1980.8722989466528 -2049.6496561745707 -2059.225052847208
-2049.0952814028315 -1982.0576431136476 -1858.8578266003872 -1917.9280009220972 -1867.9676478539400
-1758.2236344035127 -1756.0070530487012 -1694.4427496290655 -1693.8972362105239 -1758.4226299562040
-1752.1996869167897 -1737.4541892043128 -1775.876123990837 -1875.0054225832382 -1877.6531210779644
-1879.0401327563029 -1891.7118104101708 -1977.863391754732 -1894.980597240082 -1845.502714613767
-1773.1359606912977 -1662.399026695715 114.97219624174755 -1671.9603643113505 -1665.7244260478906
NA NA NA NA NA
-2048 -1949.6843319336801 -2022.3615351453623 -2057.050234777643 -2062.072255448639
-2170.2934842342083 -2217.6315678875662 -2110.173728930609 -2114.8958412681368 -2012.1485970752406
-1898.18760245817 -1773.7323854215249 -1860.9245718953334 -1867.585641079594 -1962.194872396085
-1922.584422261712 -2011.055968375973 -2153.5437524016897 -2276.041281942633 -2356.0201517076334
-2443.1706010974904 -2458.757778866528 -2569.5695526703489 -2557.458167333213 -2595.221878479937
-2567.104432890165 -2449.9770301722547 58.058046030488562 -2368.870595902525 -2288.3842143808624
NA NA NA NA NA
-2048 -2043.806809079506 -2074.370182759867 -2201.9081969331619 -2168.712240654447
-2060.1263502097740 -2096.2678942210728 -2176.6912272280729 -2195.88762067727 -2285.94184729981
-2221.5187863830320 -2271.7871154674735 -2269.01234928236 -2252.694300829392 -2410.282191500287
-2389.5265051973065 -2427.5645502463626 -2432.364905798422 -2567.385162689240 -2554.359471518212
-2522.895406530673 -2580.405451627252 -2574.623858667344 -2644.2141135055972 -2617.663478033758
-2523.916252385596 -2509.434553964328 -322.57566990918690 -2600.730528739142 -2575.23594361175
NA NA NA NA NA
-2048 -2068.2864159920910 -2133.8667480020099 -2212.1005751844896 -2199.4141504294334
-2229.4958711972968 -2282.9620323693571 -2191.52643713001 -2146.6199629718171 -2063.8384269882981
-2005.63445214397 -2003.09034846418 -2139.2837755101714 -2154.0269027377108 -2209.0579150367957
-2134.03413750643 -2123.1846691382652 -2195.6121813211084 -2360.865237989859 -2374.101374353948
-2346.502218709406 -2247.3869169184613 -2212.8433259731223 -2158.6387511371122 -2247.2069865945000
-2257.196989558484 -2249.3633216921130 -2289.5996643797744 -2359.8008064481510 -2315.3038838011125
NA NA NA NA NA
-2048 -2048.8571737607076 -1958.154505858522 -1941.6777528027797 -1934.601332149472
-1953.7400994793145 -1890.1743508799384 -1745.938991797037 -1670.5024595194452 -1604.9876127769296
-1639.8394571432384 -1584.6493966391063 -1642.411589545424 -1552.436871890134 -1446.143938991547
-1483.7154621669883 -1452.3158847644661 -1463.295947691111 -1530.4821754790134 -1439.4711603760043
-1491.3016422133601 -1482.22217154096 -1474.5636110116905 -1501.4201909672547 -1533.5269369836014
-1500.8199655542085 -1458.8111791539984 -1552.1394655223526 -1695.0020728559743 -1693.282368698147
NA NA NA NA NA
-2048 -2095.5750692388797 -2099.541767170281 -2143.9657521918234 -2142.1061761898932
-2092.7052835019454 -2034.1002391916816 -1994.8657314418085 -2060.9733638494749 -2061.4107721592954
-2003.484552870665 -2100.6987569219846 -2166.5671224754137 -2172.0915197187433 -2169.660130047193
-2190.7687809541480 -2195.041541022371 -2114.5499275213360 -2008.2579146619437 -1948.519136999265
-1897.0138711123511 -2057.17742475842 -2067.6826292527544 -2029.4969178878423 -2058.1737194403481
-1970.2352256175789 -2027.7555353619373 -2002.5760349601642 -2057.6312058352687 -2151.279787973655
NA NA NA NA NA
-1949.0000000000000 -1904.4102970188303 -1963.1145482638540 -1851.835064959916 -2024.1833440970456
-1955.3524104007934 -1939.3380084210266 -1839.6048777787457 -1888.7372497673530 -1886.6490572208409
-1908.780883577515 -1944.9011663399315 -1889.001126525378 -1930.2053958178494 -1970.2625163850607
-1893.726156827769 -1864.7991768842264 -1931.9959585607269 -2050.6045441830347 -2059.479190595334
-2122.1324895210259 -2124.3696828712950 -2086.858112902472 -2103.027797404982 -2143.9944701797708
-2135.7352107042339 -2032.589928898982 -2032.3418466165622 -1969.3922930530109 -1932.205910084859
NA NA NA NA NA
-1723 -1710.966894538264 -1661.412914227971 -1723.5858191769655 -1729.1794397077356
-1646.363629685417 -1550.7238392064257 -1340.7981780040811 -1376.2097373589763 -1350.130142567743
-1378.0281179184997 -1308.7423164706595 -1253.885726943586 -1346.8198677024423 -1279.1694697662215
-1303.5939468498502 -1230.1008426399399 -1186.8318484370538 -1192.801718032962 -1232.5249403425178
-1253.4114635748483 -1321.275279578457 -1279.5035633141808 -1211.651245901159 -1189.644537778514
-1107.801155948122 -1037.893980924228 -1057.1274605957185 -1042.9424737364643 -1116.1562093128132
NA NA NA NA NA
-1477.0000000000000 -1592.9605659131612 -1634.680650516008 -1720.205003829514 -1781.3536437938865
-1888.2580279495562 -1710.1240158256535 -1654.2496216989953 -1753.376337080819 -1745.0747292704982
-1813.2025856910557 -1667.5346918913112 -1649.562601795965 -1633.1698316512593 -1647.2366055837913
-1604.97346461571 -1621.1090034886702 -1702.4625479686151 -1635.5304222061807 -1562.7272951066284
-1743.6532850785359 -1771.2961541998714 -1649.3793226954126 -1667.092805469303 -1707.8602974309308
-1668.7191920552964 -1681.8885762627447 -1654.653106346199 -1527.9498409733519 -1563.3000391541239
NA NA NA NA NA
-1248 -1161.1313283927830 -1112.7467286567573 -1262.613044777814 -1194.2784717785414
-1179.9009616703174 -1156.2639856135463 -1052.85140500975 -998.4005366468823 -1060.7813360633334
-996.3234233503925 -1024.7689636352413 -999.0691490589008 -942.3445206500473 -868.288449165724
-780.12486972053068 -778.1752055847303 -908.6610368701988 -856.5199786671486 -846.65052061389451
-852.0270624863924 -885.36341515575009 -891.6700750699262 -840.63836848310677 -846.2220450651484
-849.0275684863 -827.5370563259328 -726.58125021159037 -729.6777380009875 -764.4802608836671
NA NA NA NA NA
-1036 -1064.9220268183174 -1105.3168602061803 -1169.0798677221380 -1219.252975568569
-1140.8335144407401 -986.276158486665 -836.5116652851647 -878.4915411209979 -909.1161370500597
-779.47271593773326 -809.73102210114087 -904.2801255348755 -858.5959964248372 -948.48002441353
-939.480972796753 -879.30166619721365 -882.73082616707973 -929.6514317616266 -845.68970211728
-773.78256682554991 -910.7067786785183 -916.6109421956847 -849.702344782056 -799.3983707430085
-920.5290177902639 -1009.458560834839 -1046.2755747862359 -1121.239519980355 -1150.4084185378190
NA NA NA NA NA
-837.00000000000000 -910.6346579911900 -877.1366853168422 -939.4849459422034 -875.8396094300075
-768.9883057950611 -772.47631329895808 -706.14818685717319 -755.70196411270183 -599.2130696787125
-545.04922587065903 -571.2025271201883 -515.2553031492628 -447.7045441229803 -511.4991099605224
-463.60580138947915 -507.63115257382952 -523.79127415897449 -553.6438685327344 -574.0298551172207
-656.06735421265603 -620.572333217162 -661.5368991043497 -657.04331172435150 -642.787332850936
-559.0446038354723 -490.35931352118115 -466.5347895494066 -556.2692014685142 -605.4332796092824
NA NA NA NA NA
-657 -690.5144634787716 -651.99942957697147 -745.67142176474738 -749.87285340249036
-711.21154533272875 -581.7651858695826 -678.56506605031 -698.9986727399065 -756.62799883201865
-737.900916863878 -786.54369254854009 -816.558360370144 -706.61026559251900 -702.9952838502722
-550.91394181410442 -548.5553647016468 -573.28715314396209 -547.4673951231694 -547.67827142757926
-554.2637808157393 -533.2147304174188 -557.1442755411356 -615.3382432429884 -591.676270571538
-667.7935741371846 -753.821204713676 -570.4676348032303 -424.9469019683283 -504.5086604700902
NA NA NA NA NA
-493 -577.571972826553 -570.88561693456188 -655.024652782407 -685.1759976743765
-739.3669949135658 -764.39133022814769 -645.2392331434983 -600.93349583395843 -684.0921286087386
-562.4355925391728 -594.0124016307548 -563.3549778943654 -589.08997038012672 -750.21828686018648
-766.1622762755179 -720.96449588032146 -641.2788344094846 -560.40974136130433 -509.326558583321
-593.89780659525263 -609.5583759547806 -527.1189955153220 -501.8918357427987 -523.8589335347941
-470.083671642541 -467.85463512455988 -481.60588397222762 -483.7476085821282 -528.26470961699454
NA NA NA NA NA
-348 -384.9689311711819 -385.2306102922392 -329.0052630634503 -312.5678375937087
-237.6988166441139 -217.47637992207774 -249.6294744291547 -329.9077442738040 -366.3464701748877
-365.54462811955472 -317.2564638270681 -232.1633438883795 -261.6970152089107 -322.75214830687884
-324.4990638411201 -322.92158854586927 -438.29802844369823 -462.4591755934684 -526.9670118053174
-478.83706333882913 -485.37911428811481 -456.253834003796 -453.34374239058991 -542.34636353942108
-427.7842527770293 -423.6643391380105 -486.3613164199284 -541.87304504312692 -469.15972052094196
NA NA NA NA NA
-239.00000000000000 -165.1879671434803 -140.48461387025543 -170.7337491621492 -254.7976590754688
-226.18497207513576 -248.6240697295212 -254.52139400635429 -285.4493383615878 -274.07977826738028
-248.62114234082759 -341.5838933509371 -464.99796282206006 -515.47119697755886 -506.04933752008810
-567.1329814026194 -576.3846899542398 -683.55098010834456 -686.9687389430835 -724.730833419065
-716.06168159209267 -633.41967535694164 -660.08079155173039 -514.9324685478157 -450.42201062698103
-498.0500373396477 -662.6718661282763 -724.51044451314135 -590.80711274511157 -592.991123757957
NA NA NA NA NA
