119.00000000000000 110.33570686150178 117.38291363447557 113.0590220973257 107.75575907912091
121.41945778728901 127.18995470429384 124.98823094585346 149.6902194731234 155.08948536246282
144.91433766866967 142.38806067291475 104.19196446325896 103.91173242287095 87.6454734072175
79.56115955598119 52.3150702912028 32.713679242167416 53.04697157995183 38.86200654165967
38.793330954579375 47.471266063495349 42.859786268376489 28.73162783770378 24.09928938077802
18.78797732302938 4.515982525885832 8.8651994318163858 2.1359611133022076 -10.928369813480199
NA NA NA NA NA
109 101.42867862061217 95.53487264779110 105.220065625932 127.45602689000611
131.488427166057 133.9878545878795 130.27265755172158 134.7188218934232 126.99333307098067
137.78678275655898 155.0410594184040 144.6214098363672 151.48674442275478 157.0836652682461
151.6736488697201 150.35915287672702 158.88663378897462 162.42329783855052 181.6713734169207
192.27416672930906 190.2014171336731 202.5615706844242 209.80786178793494 214.8966724264631
198.24210687786811 210.97663683663171 211.08328898625965 231.8287801369028 233.07751862233337
NA NA NA NA NA
102 117.7231957578704 119.50688247162549 117.4275863672681 101.1983103638806
91.92022411861853 73.50187045739497 89.76051143056705 60.49071219208275 60.407313741661255
43.82317219710961 54.3049110474934 50.990876782498091 45.861013415308719 42.95831946885968
34.34500764017871 40.33315993079086 8.155804050227019 8.180463357773883 21.536071821860432
6.428562257316432 -4.7470265912111289 11.908111217240904 36.75771321422813 36.74009778804437
37.71028319431206 39.28396565926816 40.3176690943818 29.92648671906386 46.26096326766464
NA NA NA NA NA
106.00000000000000 81.8414037631521 98.56281147901147 92.45303190527896 80.60745722653192
82.830272123223608 91.09598874672685 76.31497615057756 78.6982544040058 86.754848620377729
109.92872193846732 132.5947914376079 128.52886873906741 121.65340176703003 117.29787238486951
126.7128810131746 93.53812942560297 84.74663866958339 67.837193912769308 50.573320544092525
48.142282539996856 45.283537225671985 37.83140916557315 46.833978852441476 49.29326047278608
59.893352173153318 55.765557607205800 57.79053056583337 46.3664683455093 49.84052222140936
NA NA NA NA NA
116 111.46428718325495 110.79443402871921 110.97516509006390 116.32409228263793
112.95688156025760 107.80763341875105 106.52970466824344 111.24324453939228 103.67954467132981
89.33836443398265 87.9586926847769 89.04266724232393 67.444830439528616 64.749115581855
71.97112506852606 84.3555280599159 88.300143351738086 96.64218543963175 83.55439489357845
93.64914036237406 85.13709838334493 70.3289099026352 68.20124791952512 67.14142397425533
65.36171567311082 65.213689265131009 54.97309608530273 38.59216232785121 65.265731482766995
NA NA NA NA NA
130 152.8853298447859 151.98915952428626 162.438005993558 152.50961991732910
137.15265548288374 136.52746153417647 136.27602135117633 137.08866348944861 156.4168702610996
162.8872645757074 173.89644237980974 198.20384293263885 194.4019357400731 191.90866519153784
190.08706628692039 188.3154179644805 197.84823644139047 201.8522272408957 206.95302224749273
213.34342130389345 223.40233927732723 239.7072351270068 233.9436189324111 245.39505970557735
250.7272172220617 240.228650773066 263.07782732050623 268.6001013212675 248.8955434904608
NA NA NA NA NA
157 153.85482005017650 194.986819192259 196.4713559105022 183.68833955834344
182.6827903030661 197.10408087175296 185.79239482880902 193.00129880409517 211.68502206265308
199.82456720274956 211.34733926647516 205.52097569214661 210.15651677561439 215.37391662254507
215.167153301835 212.9953918336462 215.30624138208333 218.69867947176849 214.91066261092789
196.80434636793674 200.61569161204631 212.95143469455226 217.17222929863942 216.76585986253633
223.01460276330502 224.35993779150093 238.09018987589053 246.79248771888211 248.43030226656026
NA NA NA NA NA
182 188.76016525832515 194.01155719842257 192.6477491110684 171.37292862775382
183.05015633966099 173.30030281232351 163.5083696212307 179.565492996141 155.69023370801219
171.0553420587721 170.3013813315048 200.7839434208748 199.99548626724575 204.12279603449213
218.0889389998048 224.2605588761808 226.06823377592735 225.6402326783838 217.85925095206238
208.59018945916063 221.63022206016541 215.7064380827938 226.7994273719711 247.13826355246522
242.3646778736042 226.1356479970373 256.05274086710591 255.80952584667000 271.0916132577868
NA NA NA NA NA
165 174.6482520014813 182.7328939382239 193.7265336276907 209.76617311541079
206.88125046847711 208.66448905162559 188.72463219209956 174.63135900703975 186.01098208571526
182.2171506535151 164.0170731119262 154.9498832127881 166.20337236199086 159.444256899802
168.66458869542134 185.3935678525438 179.39808548808216 191.6753769291077 194.596605480694
202.69430822333877 225.10858152821413 214.754418480021 214.9328974121019 229.9346800281487
232.38042496195757 241.5809687970063 249.99065332601549 238.6294183511035 235.49094032153485
NA NA NA NA NA
162.00000000000000 180.91032059362465 182.7327772829163 184.5214282783433 193.0889947950218
179.97676040871016 186.60233211138458 204.21794558248735 203.69674733101357 195.5224162191339
191.37000048295306 178.81107267361605 188.2106138294105 195.65263157711206 197.13256710678007
178.6183363250873 181.40603171177108 184.59822635382619 186.55434086455546 188.38422250106720
171.6779103781536 175.1364286015462 181.7817436166182 177.06812050975566 174.63300053254375
181.0707833238936 167.29119445760807 175.58157124936378 171.5125665722087 178.06937635359395
NA NA NA NA NA
165 160.9198750383923 175.70326991446882 192.61199753081732 177.29134819689460
191.14038804049548 158.87935435199157 143.57139365151511 138.96067101815578 159.92931871330254
156.58938233232740 166.84361581471734 153.95318243403676 154.2760952273202 168.215721333773
161.27683159249 141.36897497967942 141.8602895634341 123.39700945974634 117.41665893411056
119.60733807234163 123.37428416346529 105.93468874038936 115.50226062694738 114.22309252160764
113.70749793107767 123.19191916251567 127.07446874475696 117.20919050781863 97.01531060861916
NA NA NA NA NA
230 225.8054088988389 223.09678969749530 227.43672651830565 220.80062937245836
237.26915755279154 241.4113257382222 236.12767656531099 234.05880087474492 224.13976938006417
220.43366955928008 208.8153276695328 210.8684653998491 229.8103343545266 222.59743002657225
235.68388956700289 230.3207548000339 249.4794050375952 233.6492030535044 222.74313177432342
225.4097063482607 243.3441464431284 266.7564168221961 288.394508777307 322.7183139530387
315.1841094199078 306.04803311152853 302.6585157043256 305.4921792239254 297.2592724710576
NA NA NA NA NA
315 316.6920415257674 294.7436219030856 294.6659066374663 275.00500165198
273.8724685256973 268.2853458156106 265.1012944542967 257.8011449547593 261.8994479228372
257.87021072799195 257.6592259622224 275.6852636742459 269.90286975241730 272.42466019544401
249.3035103980962 252.89156945174017 246.07266284234197 247.84441577702697 247.84747060631125
272.75296556764505 260.2163967074097 253.7267745180482 247.2897298280926 248.76418546553199
244.3463613523869 237.23095900405008 243.58678271057727 243.8184463793636 242.72004217861945
NA NA NA NA NA
496 503.574556216991 500.40205245405599 524.67630403743249 540.0545098946965
531.99348186520808 499.52631701512485 463.91853077063041 465.4379347975545 483.85943968359186
490.0428599942163 492.2253331672943 471.55993466324 467.2558317261427 486.57550720709088
486.26863237076890 493.6411344607155 516.3509798329341 543.8815976172575 540.8363608277824
526.27065096265062 533.1757943115306 526.5472906430348 540.7729170324424 529.7860728066464
514.53513166186542 493.77498548505440 498.6609959293793 496.54296318588439 480.4580905645228
NA NA NA NA NA
773.00000000000000 765.9841073921808 797.65965309448575 812.4711532428134 806.7896888589314
810.944619465394 807.63827266398187 776.6074860631761 774.33883072839774 755.031597196271
764.3180768424727 771.1055687645508 776.691719816023 774.70892888653009 782.5533224759292
802.8729677841444 803.8409204099306 798.29541976846906 823.35389313017117 827.8863187980336
847.5898812388875 875.3047045020480 879.91017412819338 889.814776142265 918.0312656615478
913.9664395161778 895.257954552508 911.473588510785 938.1637406033586 921.7795879736036
NA NA NA NA NA
1108 1129.3525479502316 1162.5435552105546 1201.6699115769861 1219.3980596658798
1216.152814628689 1214.610937884964 1185.986008159697 1182.153334558359 1189.7441579820218
1166.197737701192 1156.2953059438360 1149.187794995508 1119.139984791665 1139.3488457472504
1154.4530370989469 1177.220240418972 1197.7104344969921 1205.7458583034493 1192.8626152071877
1188.952516852808 1199.8045148702765 1221.9525984888855 1227.4766528833341 1234.3635102035284
1209.2375934940096 1195.5151687344442 1200.3853490715201 1202.6358812968574 1167.8131867596062
NA NA NA NA NA
1433 1428.396939266918 1427.140117631116 1467.1861627210696 1472.6459306709153
1455.7534667250761 1429.5874154137309 1376.3847865264515 1347.2570001396250 1358.8889735123164
1351.7487225855148 1355.8211866815629 1380.830086118585 1371.1286761391966 1400.6394710105058
1416.735463673669 1417.423909588829 1445.052876461542 1481.4711249840748 1465.1237770513369
1476.946315618855 1475.0119233428836 1468.5922236653514 1458.9886999416879 1487.977169668691
1482.2839422998877 1459.8474743065676 1440.875497371242 1469.859398436262 1444.431784621785
NA NA NA NA NA
1700 1685.1101788205892 1690.753951026483 1737.1769805584702 1753.6649379793569
1765.402154148616 1754.648330778141 1717.1954605864846 1707.0581828000325 1719.4805115600200
1681.8959262173391 1654.765367795103 1677.689500698534 1677.866087516633 1705.572878702122
1688.7243111900366 1700.290511420744 1736.8015271022416 1762.6858075393986 1747.1552054041285
1756.4938506310784 1806.0355699462953 1813.503226254315 1811.3823268661085 1848.9578639629940
1801.908298275503 1769.9105655577962 1762.9638873056035 1757.5908375842346 1729.4140990980595
NA NA NA NA NA
1847 1885.137778164093 1919.2535657013436 1947.5084500759508 1950.9159010896815
1955.835164678731 1914.791576044586 1868.4883507085622 1845.2471244201995 1831.7598869190633
1829.2720636200165 1827.8813386839111 1831.1456327454539 1815.971071793172 1840.495817926137
1844.7323025447488 1833.0091633207733 1848.445825951531 1886.7252131224486 1862.212545327283
1851.8842080621539 1854.660263830365 1835.9202590388115 1852.9224586742464 1903.753201237009
1861.3042995612082 1850.539780239827 1836.6687313644479 1850.5269722261687 1841.4703798182031
NA NA NA NA NA
1889 1911.3673581221096 1924.662013824593 1950.9498924024267 1954.859488569728
1955.6742812900002 1948.9960714917347 1876.368110697023 1884.15256664825 1902.1925853721732
1887.0830010972984 1899.2695362869486 1898.3540112319722 1886.5849191442226 1928.791207111658
1899.3106246258469 1926.8590175185975 1952.053902336758 2000.172286548913 1979.2393738176231
1982.2168950890064 2007.4377015195303 2010.5765775515977 2001.2863112382722 2033.4424915321463
1995.8703553502569 1985.9705004733337 1974.904829030359 1981.035941856647 1950.7267907391526
NA NA NA NA NA
1853 1882.8968779384700 1917.3027621604563 1955.9031141778830 1971.8993797380745
1966.9794895004127 1934.2470000967010 1850.832316184136 1846.4020412728673 1842.755002958686
1835.0521376780137 1827.0580488491908 1855.24667450607 1840.4583984450519 1873.0589766432768
1867.1569971083145 1870.491992163027 1904.394451401355 1948.232608449811 1929.910681661483
1931.1529727205655 1948.5812777673252 1953.4647756173786 1944.5407910509316 1983.822750165814
1944.0076694139609 1898.3633868278296 1874.3000338799563 1893.1180769990910 1862.1740983761663
NA NA NA NA NA
1745.0000000000000 1756.5390781833012 1794.2645143998 1845.746591813852 1850.685947972073
1859.092330091528 1844.8177267516528 1779.8634401046120 1783.283085480615 1770.684649153189
1764.17141759495 1763.4652892188262 1787.2848956927510 1784.340471282748 1820.7464619498248
1836.419327864661 1843.0363408568508 1883.5593501081760 1900.700088082865 1891.009606875107
1883.1144063178283 1895.7864695151154 1891.6279661650328 1890.35153572656 1922.5536776121671
1880.7678878361326 1873.9323628446889 1894.2645085260772 1930.974332640172 1904.584203294905
NA NA NA NA NA
1579.0000000000000 1597.7974782716069 1626.4966646576343 1653.4766291396454 1661.238262217035
1686.515723298883 1648.7842419839817 1593.4951924589825 1585.8821240796215 1581.4039229194311
1566.494707954752 1557.7104183066629 1580.7746060040577 1560.8354950798778 1558.9987108986643
1568.959238437829 1574.6121177598377 1602.8938293829347 1628.4634314100858 1613.7343293865606
1610.6039987914335 1611.618298027440 1606.5431119665191 1628.8473715807038 1670.1927324077615
1654.2453202262720 1627.6087175715290 1614.5008545671280 1623.8525495401029 1609.4827889638291
NA NA NA NA NA
1400 1398.1905466868670 1411.8500907692946 1423.513393295087 1428.275720819717
1450.288495546943 1447.897986559055 1404.6681725663927 1419.6358086180603 1424.038799914969
1413.473059399486 1419.248413147892 1416.6678870766664 1402.104359059929 1397.7847179364064
1395.112676182798 1384.067265856033 1384.1596997483327 1393.578574150339 1393.4557164023347
1388.7948264865690 1411.1166213993677 1423.42406054177 1406.7151380055602 1423.919024250605
1392.0162421739715 1379.912309219766 1353.5771426242793 1365.5204412743008 1344.6670143305460
NA NA NA NA NA
1193 1205.8836299707934 1238.2490110356762 1256.922705662914 1259.100301804675
1266.902410236229 1266.5978851517266 1239.2325173007525 1227.4441975972804 1234.500328415569
1238.384465334761 1237.6574463875725 1257.2364639400851 1245.1251987005628 1253.263702054225
1258.829390913839 1273.0097988361465 1292.1905189968013 1297.0247422578464 1279.4970537435265
1275.6948739579796 1282.994574838254 1270.0908637905075 1283.8202065307335 1323.7036808111591
1307.7732295747344 1310.095970326503 1297.3114981999663 1302.9323824246380 1281.7166816425422
NA NA NA NA NA
957 986.6764771935474 994.6287516997253 1014.893019985121 1017.319432405079
1002.7320993000701 983.4857215785171 960.6089000747631 958.8532468715116 975.8016847183562
982.8245400043953 1004.4798579120863 995.7847578708884 984.1673997892766 983.9041895808592
994.8826047073644 988.6057502001235 985.0090702938189 982.2212064553436 953.1574479457005
934.293157532146 939.6445798627350 921.8524676681396 922.9169273640591 942.3822342859015
922.705777677057 928.8195340083656 921.7758146293979 938.9352269354781 934.5148860550764
NA NA NA NA NA
712 722.39421090310702 734.099847887256 732.5926890241805 741.3493035822816
765.2276660731761 749.97790427962514 700.7722128216967 696.5514500316792 678.77836735880021
679.3213144038259 669.40016401500964 675.737412976979 670.2144343766810 655.3848594410121
662.239965932272 663.32212680643511 680.638380749665 671.9850665529979 662.50171977492880
665.75193538626297 661.975841499773 664.94067682998877 651.36632562563636 677.6671227069063
674.48678904832514 664.7425558613287 632.03954501522151 644.378510983164 633.4749705796753
NA NA NA NA NA
459 462.69764975410584 464.0116718460948 466.4079169598938 470.8015982067528
468.5116988179814 452.13922391532998 442.238450003046 449.8384578700236 463.8045300959818
465.8226480667934 465.6828308440843 445.40310105177582 436.2159448938926 436.80225379311486
452.8005276238807 460.90174491771 461.68319678872649 443.8286223543557 432.3378569353478
435.4615850550368 458.59253516351600 466.33786935279863 475.4781307619856 475.84606540242089
458.53056098837101 450.46611365355102 436.2659868970904 427.5035417337879 423.6790133119188
NA NA NA NA NA
201.00000000000000 205.93658839606709 231.54592927345988 245.99771800757264 248.72372038676485
247.43641971230767 254.3989969352226 262.32504558309739 275.64773419225139 286.8105494187631
274.5737670943007 284.188650323607 276.7748478176163 288.63891149898484 315.2576436642227
310.0593950530468 319.9928054980671 327.61337629262158 323.8012431639503 334.07619263430973
323.3518085061596 328.53122918515646 330.935037743641 325.5640057192006 331.0827651428567
326.3380337956614 327.4295775532830 305.7184969784899 282.5104071977136 274.6088296296317
NA NA NA NA NA
-57 -62.845942401331 -58.54894317568363 -60.32214981845753 -59.192374170360772
-49.00954764882264 -40.88265058804542 -43.8081975027562 -56.03530769287767 -56.523782227391692
-49.242327852520496 -67.13822617398176 -77.4132640052341 -80.885073661987036 -76.4282824201106
-79.3682384043989 -77.8204075776581 -57.90416536341417 -33.9687141776309 -26.55711539205914
-17.91413837181594 -45.08122905804676 -46.43395804140595 -39.763689188694258 -38.731968679936521
-28.627919310425426 -42.679563326235055 -40.71535161942044 -49.205737990275978 -70.7421768233833
NA NA NA NA NA
-263 -254.08604118072515 -263.30284651769216 -241.2560023498792 -272.3491633208027
-259.4913204175868 -257.3112148327951 -242.0957300380427 -251.0865474447671 -250.82538768540510
-255.7868566574632 -262.4173733485723 -251.76749772283259 -259.96999239868023 -266.08812889402151
-251.9191831420021 -245.9894547017632 -256.6715693503598 -276.89097018419841 -279.5007625283936
-291.0948881777045 -290.9398821099642 -283.9615696375523 -286.97821584385673 -292.61680806059519
-292.8165997164339 -275.1122863161984 -275.8229844410338 -263.9441783849797 -258.49302301634708
NA NA NA NA NA
-504 -503.50878734472468 -497.5414478789454 -512.65572355971119 -514.15177363564305
-499.8305119345706 -480.92079507443344 -436.680016376682 -442.9867832273736 -437.9994691932675
-441.1040562492660 -428.3738957357913 -419.4311995102921 -434.8265438184860 -424.9630483105428
-429.9446500441023 -417.9956168692221 -413.33395344435752 -417.21534363098971 -422.3483679498122
-425.70977569705911 -439.2184330893645 -431.9638736402699 -419.46929281999110 -419.250428476559
-400.81716624769922 -385.93363682454873 -387.8475176631563 -386.18709853154303 -396.75769365597807
NA NA NA NA NA
-690 -714.81977249240254 -729.1132311612972 -753.08282763123327 -765.2549179366376
-786.2949202901697 -750.54550939342528 -726.9413863097892 -744.67186653856118 -742.61614449371393
-750.6561941545564 -723.87734034916912 -722.8791718573194 -716.59933426487271 -724.5256576503879
-718.0435981364228 -724.0848127149352 -745.94221675758649 -739.95470884914016 -722.11568416600346
-754.037225600757 -761.6567190746010 -740.244023529885 -743.10274142789274 -758.862146114047
-743.887365857942 -741.46850951697752 -733.0254701028026 -712.02523927883976 -712.4084755269097
NA NA NA NA NA
-854.00000000000000 -843.7846609515076 -844.97603034379074 -884.74899561241170 -873.9055614424711
-873.689931943602 -864.37211742914883 -825.5685645717207 -815.2492817445739 -825.7724663292437
-807.5991277829636 -812.3143925077636 -811.0180201657108 -795.7984805198121 -790.3286015747635
-776.08936383801381 -780.3600772312852 -814.5961723248706 -814.30935908693016 -805.66032964931333
-805.209752809104 -815.13001114635608 -817.3834449754532 -807.5726970633857 -821.0106792160377
-809.82491227640594 -798.7599003111177 -775.215221138178 -778.79303780565056 -776.1301772575843
NA NA NA NA NA
-974 -986.2366516020910 -1006.0863770770449 -1033.3797977452209 -1044.4719921542739
-1033.2234309924290 -998.8429899208232 -946.5579164451643 -953.656757618596 -958.202928167783
-926.5503438327619 -931.4802086410817 -952.8905514512325 -938.43631659787 -964.7799193659004
-965.3786971999087 -960.2358778028168 -974.0403997213481 -994.0795499693463 -970.2323541661318
-955.3755067585573 -985.0977470891195 -987.5579056932148 -974.7261553732379 -981.1472982784193
-988.5095537551205 -995.7024981782021 -995.8827914134481 -1013.2837661121720 -1007.3253030971854
NA NA NA NA NA
-1078 -1099.6078987275575 -1108.2598738019760 -1138.0978682054251 -1128.8570033588617
-1112.9770442122265 -1106.1971581363825 -1064.6038970971049 -1072.9845675357312 -1043.3431782699763
-1023.9646837087653 -1028.0469660257036 -1022.8604486331860 -1003.3347997135174 -1026.7223348868788
-1020.6511081093436 -1035.4798823079725 -1053.9495470948088 -1072.9404115933903 -1066.5251407821006
-1079.3268664037628 -1078.576961512894 -1087.6563942033133 -1086.047982189330 -1101.7967941604034
-1069.3119403952035 -1046.2602403633350 -1034.2581741525810 -1055.0173222024541 -1050.6841334433047
NA NA NA NA NA
-1155 -1170.2912230378713 -1179.7780056142287 -1217.5017035147328 -1220.8668077078407
-1217.7989399275393 -1185.9812874809156 -1170.534419079317 -1173.5487615426978 -1182.6785017030911
-1168.6103911208061 -1176.700389109911 -1187.7266936781793 -1159.6368425156604 -1172.170966707997
-1147.476758871968 -1154.6848432046941 -1176.552864206557 -1187.0333757439248 -1175.7523213105528
-1174.5917852385226 -1177.142795848756 -1183.3200049114948 -1193.0105044763784 -1209.2230490958111
-1203.7449994727117 -1207.5581956356357 -1165.6544661960097 -1144.1861583938260 -1143.8051770830743
NA NA NA NA NA
-1222 -1247.430355368769 -1264.2427391545275 -1302.1689088216729 -1310.4932922492349
-1324.670264860748 -1320.1507141334312 -1262.3686837141420 -1253.5520448367672 -1267.195830976543
-1233.4245870873212 -1238.3429127983511 -1238.8635823802622 -1234.674625152392 -1278.3819902315888
-1284.4996956475691 -1284.6361174018757 -1289.1514998446889 -1291.045767122693 -1269.3845097588166
-1282.1766090081251 -1291.99521667352 -1279.0120205894921 -1273.4589236591414 -1299.8815065253002
-1268.9918122524757 -1255.6603630784107 -1248.7759676107617 -1254.608953112502 -1246.4717714439923
NA NA NA NA NA
-1282 -1299.5462194692072 -1318.996028906318 -1333.1386481948387 -1333.212993396917
-1324.2648796655747 -1310.830814474621 -1277.7918089203354 -1291.558553583036 -1296.5994983608982
-1283.9029217105624 -1274.2441622706901 -1265.3363518449225 -1261.16167873472 -1287.7818359658038
-1291.5649375281596 -1300.2656192502134 -1341.6799113933014 -1363.9273754888673 -1362.329582866623
-1350.8082232435643 -1359.5013374427651 -1356.3598061845830 -1354.7887331394777 -1395.1046763292395
-1351.5574185246683 -1336.896618288947 -1338.1919909509013 -1354.139467634434 -1323.459577235299
NA NA NA NA NA
-1312.0000000000000 -1309.8555862087519 -1325.561246137498 -1356.4152022073047 -1374.8796181228715
-1374.5284397576854 -1368.4487731861166 -1329.048995504328 -1333.8132641706131 -1330.1009823902430
-1312.410378986876 -1328.3862376773109 -1357.6401464660375 -1356.8810179014465 -1371.3272618498265
-1386.0357574469226 -1397.071822905554 -1437.8296256428164 -1457.036999422138 -1450.0340490370650
-1445.5708447346376 -1438.3624876579845 -1445.4474181898847 -1417.983614713818 -1431.3869614387183
-1416.387035861211 -1431.8245020506904 -1432.5511303770477 -1414.3504274999702 -1396.5684693481060
NA NA NA NA NA
