-4559.432 -4412.319 -4580.006 -4648.985 -4627.44
-4655.493 -4665.21 -4663.332 -4660.926 -4642.558
-4642.146 -4640.63 -4639.582 -4626.048 -4544.737
-4546.579 -4529.376 -4530.459 -4509.881 -4512.514
-4512.095 -4492.258 -4485.351 -4476.66 -4448.193
-4431.626 -4423.649 -4396.58 -4362.035 -4279.697
-4221.161 -4149.27 -4031.798 -3953.046 -4096.495
-4126.267 -4163.403 -4094.531 -4100.847 -4166.728
-4041.882 -4039.759 -4251.264 -4328.542 -4347.876
-4378.958 -4377.056 -4358.405 -4338.580 -4334.975
-4355.976 -4178.18 -4240.226 -4252.685 -4238.085
-4194.871 -4179.960 -3841.873 -3717.712 -4090.877
-4245.49 -4245.819 -3980.307 -4063.147 -4031.766
-4117.955 -3827.514 -3680.017 -3406.622 -3610.578
-3834.448 -3594.293 -3839.852 -3765.093 -3824.418
-3663.159 -3263.118 -3335.053 -3643.757 -3876.775
-3795.291 -3683.988 -3799.805 -3703.323 -3633.051
-3776.289 -3626.707 -3950.718 -4054.079 -4101.261
-4068.078 -4052.092 -4058.585 -3857.284 -3718.984
-3622.715 -3630.478 -3715.727 -3677.379 -3973.476
-4001.119 -4105.316 -4113.245 -4151.233 -4074.508
-4030.868 -4186.271 -4037.795 -3727.566 -3896.315
-3790.994 -3397.254 -3541.495 -3600.538 -3375.723
-3403.179 -3652.744 -3840.428 -4035.707 -4148.742
-4166.833 -4116.49 -4166.119 -3727.972 -3495.656
-3683.567 -3918.745 -3875.337 -3978.642 -3892.857
-4176.025 -3927.940 -3797.865 -3757.479 -3854.628
-3756.673 -3715.938 -3751.718 -4184.043 -4102.601
-3911.268 -3848.742 -3702.937 -3748.231 -3589.469
-3912.216 -4070.628 -4009.066 -3819.103 -3677.625
-3667.293 -3876.952 -3832.648 -3919.606 -3978.578
-3972.666 -3675.526 -3800.411 -3988.153 -3911.225
-3908.825 -4115.944 -4073.576 -4195.081 -4148.962
-4144.371 -4097.158 -3863.317 -3644.861 -3744.407
-3823.216 -3765.601 -4016.137 -4037.670 -4040.377
-3988.134 -3833.956 -3988.332 -3862.489 -4103.868
-4132.606 -4080.668 -4084.902 -4077.601 -3997.42
-3881.015 -3815.512 -3726.523 -3551.124 -3917.627
-3795.768 -3582.997 -3635.027 -3530.486 -3448.216
-3470.520 -3610.158 -3478.077 -3505.798 -3990.019
-3898 -3721.051 -3679.101 -4052.36 -3784.871
-3777.819 -4124.722 -4134.788 -4104.505 -4025.215
-3686.978 -3547.556 -3456.642 -3740.169 -3825.818
-3785.513 -3719.09 -3702.424 -3491.433 -3825.472
-3744.382 -3858.669 -3438.59 -3764.277 -3776.987
-3633.874 -3700.545 -3789.233 -3686.139 -4032.086
-3893.012 -3782.175 -3975.975 -3950.622 -3777.534
-3831.094 -3933.363 -3911.163 -3516.556 -3767.154
-3684.679 -3808.049 -3850.953 -3796.804 -3772.358
-3600.172 -3703.069 -3694.464 -3580.616 -3477.404
-3148.53 -3713.316 -3628.659 -3301.129 -3509.973
-3435.381 -3438.976 -3765.844 -3510.327 -3427.254
-3474.226 -3668.664 -3618.251 -3635.022 -3593.894
-3418.408 -3456.312 -3644.839 -3446.146 -3621.741
-3700.532 -3863.236 -3802.32 -3775.472 -3873.882
-3850.097 -3715.73 -3594.098 -3546.163 -3547.114
-3451.938 -3637.705 -3642.506 -3769.761 -3896.802
-3580.128 -3655.486 -3948.457 -3774.607 -3565.379
-3718.176 -3673.946 -3952.127 -4107.964 -3906.647
-4134.626 -4159.677 -4201.438 -4037.825 -4090.541
-3849.397 -3760.422 -3766.263 -3804.461 -3725.333
-3452.061 -3622.376 -3861.332 -3810.244 -3606.700
-3864.476 -3998.143 -4030.193 -3764.327 -3952.721
-3932.253 -3879.745 -3944.118 -3945.949 -4220.023
-3965.737 -4079.729 -3733.412 -3633.436 -3748.874
-3705.2 -3685.02 -3897.318 -3845.611 -3833.09
-3893.327 -3799.256 -3596.042 -3518.944 -3774.879
-3771.166 -3585.129 -3730.789 -3943.111 -3982.310
-3981.643 -3965.159 -4031.057 -4225.793 -4278.121
-4234.750 -4204.702 -4294.508 -4191.022 -3805.578
-3986.145 -4053.366 -3970.32 -4123.739 -4187.991
-4139.438 -4103.411 -3801.082 -3893.087 -3785.321
-3665.311 -3735.954 -3792.168 -3816.94 -3870.215
-3969.825 -4124.922 -4118.628 -4051.537 -4066.567
-4059.431 -3758.312 -3624.335 -3094.339 -3491.809
-3572.33 -3670.101 -4054.641 -3782.927 -3873.492
-3795.517 -3618.75 -3666.633 -3790.991 -3970.264
-3669.643 -3854.923 -3876.539 -3797.142 -3761.378
-3664.08 -3605.852 -3635.047 -3529.146 -3552.11
-3952.345 -4006.56 -3722.479 -4033.039 -3614.785
-3505.861 -3623.307 -3615.923 -3616.221 -3483.224
-3494.487 -3592.762 -3735.812 -3846.52 -3745.588
-3826.508 -3982.528 -4063.807 -4054.965 -4030.562
-4043.925 -4121.68 -4266.646 -4304.598 -4271.956
-4280.459 -4248.345 -4180.586 -4203.859 -4276.44
-4274.336 -4308.203 -4325.762 -4284.074 -4223.124
-4265.672 -4255.333 -4191.795 -4138.912 -3808.596
-3899.768 -3809.456 -3696.408 -3682.046 -3675.066
-3770.692 -3925.05 -3800.818 -3893.389 -3891.516
-3990.304 -3554.466 -3488.443 -3609.422 -3778.519
-3799.619 -3822.915 -3949.190 -3872.306 -3718.872
-3844.472 -3863.656 -3589.089 -3458.429 -3486.945
-3907.46 -3995.933 -4028.54 -4152.575 -3994.659
-4009.819 -4044.98 -4177.796 -4240.601 -4238.821
-4277.529 -4220.939 -4251.147 -4235.598 -4239.03
-4229.024 -4223.763 -4282.09 -4266.315 -4242.136
-4185.686 -4230.878 -3903.862 -3907.208 -3866.760
-3868.838 -3842.986 -3992.078 -4108.072 -3900.09
-3862.919 -3977.795 -3822.516 -3951.052 -4044.745
-4119.835 -4190.617 -4199.589 -4247.078 -4250.099
-4007.659 -3964.971 -3901.991 -3873.020 -3884.941
-3986.519 -3962.105 -3729.941 -3894.239 -3975.168
-3816.429 -3725.182 -3708.746 -3561.083 -3653.545
-3900.197 -4084.785 -4120.888 -4035.381 -4012.05
-3960.945 -4092.908 -4155.037 -4190.754 -4095.171
-4014.602 -4118.636 -4137.028 -4018.354 -3951.753
-3945.328 -3823.219 -3687.327 -3646.612 -3594.034
-3674.050 -3730.237 -3663.301 -3473.866 -3661.871
-3715.994 -3823.367 -3961.053 -4074.795 -4016.817
-4016.224 -3958.156 -3651.955 -3536.385 -3613.645
-3852.113 -3783.76 -3794.62 -3825.996 -3902.553
-4136.545 -3988.198 -3906.985 -3797.652 -3870.334
-4056.642 -4060.76 -3964.328 -4098.661 -3977.709
-3894.548 -4101.464 -3922.427 -3782.614 -3885.108
-3893.893 -3953.701 -3949.123 -3912.238 -3885.464
-3981.478 -4006.545 -3917.698 -4136.726 -4179.954
-4214.503 -4095.891 -4093.55 -3887.646 -3793.282
-3618.088 -3493.945 -3433.144 -3535.584 -3494.286
-3555.296 -3995.469 -3756.99 -3965.537 -3964.204
-3964.624 -3902.758 -3761.14 -3936.758 -4079.746
-4078.427 -4079.959 -4068.994 -4111.908 -4307.118
-4321.045 -4320.314 -4325.975 -4324.793 -4323.097
-4318.341 -4317.854 -4306.357 -4316.994 -4334.618
-4331.18 -4299.042 -4329.037 -4270.063 -4284.89
-4306.223 -4306.448 -4311.991 -4322.7 -4288.242
-4283.181 -4299.575 -4306.689 -4307.146 -4312.66
-4273.168 -4211.201 -4199.020 -4293.227 -4314.784
-4300.622 -4299.588 -4298.330 -4299.010 -4320.349
-4320.862 -4288.116 -4278.366 -4323.236 -4322.341
-4338.321 -4327.266 -4315.718 -4322.871 -4295.547
-4304.587 -4236.7 -4270.799 -4296.711 -4315.653
-4279.893 -4270.47 -4176.294 -4185.749 -4203.356
-4037.096 -3799.212 -3861.659 -4025.717 -4033.52
-3667.854 -3700.11 -3542.741 -3557.995 -3775.576
-3711.838 -3907.512 -4022.211 -3965.904 -4017.829
-3976.224 -3829.51 -3694.727 -3908.140 -3932.106
-3902.807 -3841.126 -3735.060 -3693.616 -3628.285
-3645.264 -3742.052 -3849.253 -3821.442 -3887.771
-3658.625 -3526.067 -3723.942 -3812.023 -3601.401
-3718.185 -3748.056 -3966.571 -4081.745 -3980.824
-3968.908 -4018.24 -3999.647 -4033.5 -4013.852
-3999.549 -3832.68 -3741.953 -3778.651 -3920.418
-3949.334 -3603.685 -3605.113 -3488.447 -3587.218
-3380.764 -3698.252 -4063.244 -4119.230 -4147.924
-4153.070 -4166.805 -4057.429 -3974.424 -3989.781
-4060.651 -3657.008 -3640.911 -4018.812 -3951.753
-3970.282 -3832.616 -3708.782 -3787.945 -3763.710
-3993.095 -4207.644 -4228.465 -4263.551 -4235.381
-4230.355 -4216.129 -4260.493 -4254.984 -4122.868
-4138.2 -4217.138 -4221.708 -4184.694 -4183.145
-4253.396 -4253.612 -4267.576 -4245.365 -4244.588
-4219.598 -4279.126 -4287.455 -4289.893 -4300.541
-4281.919 -4253.708 -4258.583 -4155.191 -4119.952
-3980.063 -4045.286 -3928.664 -4077.969 -4139.255
-3881.612 -3887.495 -3779.752 -3901.315 -3804.475
-3811.978 -3863.66 -3717.335 -3561.601 -3611.434
-3734.595 -3795.469 -3738.267 -4093.8 -4120.819
-4200.953 -4199.759 -3944.343 -3833.967 -3783.709
-3747.213 -3957.117 -4040.022 -4124.786 -3714.743
-3722.378 -4059.902 -4088.134 -4192.943 -4161.046
-4074.531 -3907.316 -4074.585 -3858.260 -3907.291
-3632.778 -3891.157 -3984.145 -4037.211 -3996.103
-4169.506 -4143.774 -4252.651 -4297.917 -4230.054
-4088.803 -4126.796 -3927.009 -4114.92 -4125.525
-4144.298 -4057.777 -3942.334 -3967.232 -3798.863
-3757.446 -3801.995 -3911.465 -3964.236 -3794.047
-3789.544 -3632.821 -3761.93 -3925.049 -3614.485
-3959.755 -3965.788 -3897.996 -3854.060 -3707.1
-3966.895 -4043.669 -4020.995 -4004.854 -3804.346
-3862.63 -3903.65 -3964.378 -4033.064 -3897.851
-3912.394 -3980.414 -4186.784 -4217.776 -4166.245
-3939.837 -3890.884 -3787.970 -3848.290 -4138.958
-4260.934 -4260.095 -4250.8 -4277.928 -4237.214
-4099.968 -4087.53 -3979.22 -3746.855 -4050.991
-4044.13 -4044.188 -3794.672 -3600.912 -3816.144
-3930.719 -4076.576 -4130.542 -4117.676 -4230.777
-4194.944 -4191.93 -3652.192 -3785.45 -3494.654
-3469.443 -3538.913 -3593.702 -3409.254 -3570.951
-3569.858 -3451.907 -3395.984 -3617.194 -3566.471
-3518.5 -3846.045 -3772.768 -4014.946 -4024.394
-4196.179 -4221.485 -4256.686 -4233.041 -4183.079
-4051.78 -3792.530 -3953.021 -4094.161 -3553.360
-3885.268 -3829.32 -4014.213 -3740.497 -3817.985
-3769.892 -3782.071 -3753.448 -3967.603 -3939.432
-4001.888 -4110.831 -4175.627 -4169.618 -4117.459
-4183.854 -4143.418 -4174.212 -3818.29 -3739.849
-3832.422 -3805.126 -4032.144 -4105.603 -4134.191
-3837.643 -3791.479 -3840.504 -3816.48 -4069.669
-4195.057 -3824.403 -3771.518 -3643.539 -3423.41
-3518.705 -3522.755 -3691.774 -4040.707 -3963.647
-3829.753 -4018.577 -4115.341 -4043.717 -3934.841
-3781.722 -3796.900 -3879.825 -3824.209 -4019.172
-4090.652 -4196.889 -4239.036 -4246.759 -4284.612
-4279.974 -4262.304 -4172.858 -4190.451 -4079.891
-3863.524 -3585.927 -3561.901 -3678 -3561.48
-3614.089 -3583.831 -3811.008 -3881.758 -3903.299
-3814.13 -3929.805 -4021.279 -3846.105 -3732.072
-3984.154 -3612.913 -3513.863 -3527.13 -3513.079
-3570.855 -3430.23 -3779.257 -3678.174 -3822.788
-3796.357 -3533.883 -3570.628 -3670.612 -3449.919
-3447.711 -3465.371 -3861.671 -3846.565 -3886.465
-3983.717 -4055.837 -4011.992 -4151.037 -4182.446
-4084.59 -3875.607 -3857.525 -3947.705 -3883.187
-3877.523 -4028.978 -4099.341 -4188.783 -4162.282
-4183.229 -4183.087 -4207.506 -4310.023 -4332.304
-4344.7 -4335.881 -4334.439 -4334.053 -4346.240
-4346.450 -4325.893 -4291.616 -4182.499 -4152.675
-4034.909 -3850.493 -3702.251 -3856.045 -3907.465
-3972.201 -4142.486 -4091.225 -3902.840 -3848.712
-3792.147 -3937.992 -3963.154 -4031.154 -4044.15
-4186.446 -4299.541 -4207.546 -3988.632 -3929.081
-3881.18 -3931.428 -3999.265 -3708.367 -3533.993
-3591.480 -3485.252 -3746.571 -3538.192 -3855.741
-3844.343 -3800.805 -4003.195 -3963.758 -3857.774
-3843.375 -3800.802 -3883.831 -4021.952 -4062.522
-4058.42 -3894.183 -3723.251 -3621.270 -3679.458
-3780.283 -3990.954 -3546.194 -3603.352 -3531.155
-3523.858 -3602.75 -3347.602 -3620.637 -3559.522
-3552.3 -3630.54 -3781.392 -3720.439 -3485.432
-3649.513 -3696.494 -4015.247 -3876.626 -3945.200
-3995.123 -3977.452 -3900.996 -3807.531 -4104.427
-4153.840 -4042.792 -4107.440 -3939.931 -4106.891
-3773.279 -3796.55 -3901.157 -3924.598 -3783.607
-3911.933 -3625.71 -3888.377 -3799.792 -3726.443
-3684.563 -4091.639 -4113.508 -4123.992 -3863.722
-3893.929 -3689.937 -3686.908 -3750.081 -3638.158
-3877.489 -4002.966 -3955.436 -3933.803 -3786.437
-3701.123 -3761.718 -3807.794 -3977.627 -4043.924
-4054.461 -3902.901 -3852.783 -4048.915 -3930.512
-4106.193 -4192.168 -4249.273 -4235.899 -4232.268
-4212.101 -4229.67 -4161.936 -4161.563 -4174.511
-4184.768 -4247.224 -4259.911 -4266.841 -4261.322
-4258.221 -4310.485 -4315.913 -4321.302 -4324.271
-4325.145 -4328.283 -4326.873 -4318.034 -4328.753
-4324.721 -4326.591 -4322.444 -4318.119 -4300.213
-4293.061 -4283.714 -4286.705 -4253.679 -4212.013
-4240.52 -4169.517 -4151.083 -4120.61 -4142.434
-4144.901 -3976.397 -3856.47 -3988.9 -4092.44
-4114.781 -3823.049 -3849.183 -3939.627 -3776.931
-3969.954 -3893.907 -3933.138 -3992.906 -3811.098
-3642.936 -3838.909 -3950.744 -3792.394 -3699.818
-3831.42 -3786.184 -3820.419 -3860.125 -3873.458
-3868.95 -3805.656 -3839.264 -3865.797 -3969.375
-3819.384 -3923.515 -4009.841 -3935.891 -3927.827
-3927.065 -3840.329 -3604.911 -3754.463 -3742.024
-3734.619 -3815.184 -3925.565 -4102.37 -4013.613
-3992.998 -4124.46 -3858.59 -3748.412 -3677.052
-3900.061 -3876.06 -3957.24 -3977.968 -3983.478
-3956.202 -3978.237 -3965.842 -4038.137 -4027.882
-3767.311 -3848.565 -3720.861 -3719.271 -3727.281
-3798.263 -3638.302 -3957.553 -3706.681 -3943.403
-3888.841 -3909.31 -4036.384 -4150.922 -4192.631
-3982.231 -3990.47 -4146.168 -4135.024 -4158.566
-4186.168 -4152.38 -4236.379 -4230.916 -4174.42
-4213.164 -4199.775 -4146.616 -4071.95 -4065.837
-4139.455 -4146.95 -4156.155 -4056.551 -4042.432
-3944.739 -4055.818 -3947.564 -3776.995 -3935.402
-3805.354 -3993.656 -4079.109 -4132.113 -4101.883
-4185.851 -4207.95 -4233.054 -4258.332 -4278.949
-4243.423 -4275.252 -4262.189 -4205.929 -4206.923
-4171.506 -3805.256 -3788.881 -3789.611 -3790.616
-3821.246 -3791.473 -3826.758 -3844.705 -3747.881
-3956.725 -3995.979 -4019.868 -3807.027 -3916.066
-4057.547 -3958.044 -4086.36 -3976.389 -3977.789
-3943.035 -3914.655 -3646.746 -3769.135 -3965.655
-4096.078 -4179.959 -4021.766 -3870.696 -3683.63
-3782.048 -3775.33 -3790.125 -3776.036 -3819.941
-4294.819 -4325.894 -4273.193 -4282.648 -4282.190
-4275.19 -4271.163 -4245.945 -4277.373 -4275.788
-4241.134 -4201.164 -4260.61 -4213.275 -4262.429
-4299.540 -4292.828 -4274.034 -4195.997 -4104.008
-4146.064 -4143.751 -4036.604 -3999.382 -3861.163
-3597.333 -3588.367 -3608.271 -3778.405 -3773.442
-3819.717 -3848.678 -3914.288 -3834.782 -3951.576
-4081.829 -4102.176 -4057.988 -3975.108 -3948.79
-3950.969 -3885.997 -3953.86 -3828.405 -3936.898
-3950.404 -3898.764 -4092.457 -4263.993 -4280.685
-4295.788 -4294.03 -4311.384 -4308.100 -4304.66
-4307.087 -4324.306 -4312.809 -4306.87 -4297.974
-4296.401 -4299.398 -4295.432 -4290.840 -4291.601
-4297.270 -4307.542 -4315.590 -4317.441 -4328.187
-4328.656 -4325.584 -4311.727 -4317.99 -4322.65
-4321.623 -4322.585 -4311.277 -4288.662 -4318.872
-4319.700 -4322.436 -4320.107 -4311.44 -4295.043
-4284.178 -4284.686 -4298.899 -4313.629 -4316.567
-4317.28 -4323.502 -4317.793 -4303.6 -4270.239
-4260.085 -4266.549 -4288.895 -4296.844 -4305.169
-4304.448 -4312.271 -4301.46 -4281.252 -4277.012
-4224.387 -4083.242 -4136.598 -4077.92 -4116.072
-4019.965 -4086.485 -4040.639 -3952.652 -3850.170
-3889.981 -3741.851 -3868.795 -4037.924 -4102.487
-4044.057 -4124.649 -4022.124 -4135.239 -3865.992
-3863.748 -4054.678 -4135.677 -4039.446 -4134.17
-4198.231 -4196.132 -4162.477 -4154.097 -4062.681
-3855.193 -4030.444 -4040.112 -4043.898 -3959.191
-4028.308 -3977.576 -3888.174 -4003.536 -3973.248
-3944.526 -3858.582 -4096.866 -4111.463 -4220.135
-4005.419 -3994.682 -4050.947 -4119.524 -4119.964
-4082.634 -4132.594 -4254.578 -4267.744 -4277.135
-4242.64 -4214.444 -4261.894 -4261.133 -4287.912
-4301.206 -4303.415 -4303.638 -4303.745 -4244.075
-4274.594 -4282.825 -4272.972 -4271.482 -4259.456
-4248.756 -4207.696 -4177.702 -4047.789 -4100.043
-4134.117 -4192.547 -4148.273 -4196.940 -4186.278
-4197.183 -4032.534 -3834.376 -3727.200 -3687.046
-3840.435 -3714.147 -3694.881 -4090.128 -4120.385
-4161.072 -4172.289 -3976.661 -3821.767 -3622.746
-3691.288 -3851.882 -3821.085 -3842.901 -3856.920
-4138.628 -4001.127 -4041.158 -4077.978 -4292.335
-4286.304 -4253.060 -4262.19 -4288.93 -4279.53
-4234.634 -4227.212 -4264.219 -4280.858 -4231.054
-4198.238 -4264.702 -4142.881 -4052.854 -3980.996
-3864.618 -3573.712 -3766.953 -3607.336 -3642.012
-3642.768 -3792.738 -3612.835 -3518.706 -3675.918
-3745.701 -3760.806 -4051.95 -4055.863 -3792.608
-3779.054 -3695.414 -3956.214 -3810.779 -3483.098
-3330.245 -3229.983 -2926.127 -2986.634 -3075.221
-2949.223 -3136.632 -3411.438 -3566.408 -3510.171
-3261.124 -3255.265 -3355.220 -3312.760 -3689.315
-3294.144 -3733.145 -3815.994 -3727.533 -4079.858
-4063.243 -4108.66 -3835.853 -3856.197 -3865.827
-4124.092 -3883.232 -3730.052 -3754.78 -3623.344
-3858.098 -3523.143 -3537.762 -3760.808 -3969.617
-3721.458 -3857.039 -3891.787 -3891.666 -3860.723
-3873.232 -4047.928 -3980.322 -3672.1 -3800.731
-3743.146 -3773.054 -3794.634 -3868.166 -3918.276
-3709.409 -3808.686 -3680.724 -3646.954 -3673.283
-3653.065 -3685.057 -3911.636 -3930.992 -3662.926
-4056.536 -4071.841 -4040.308 -4028.121 -4009.837
-4051.547 -4056.724 -4051.026 -3912.258 -4067.076
-3980.756 -4061.682 -3962.172 -3836.838 -3678.835
-3639.487 -3724.141 -3815.967 -3756.713 -3783.603
-3708.397 -3659.731 -3561.358 -3650.288 -3662.582
-3492.523 -3579.802 -3525.805 -3757.954 -3714.813
-3632.866 -3619.389 -3542.281 -3633.713 -3671.117
-3634.945 -3805.027 -3796.585 -3695.008 -3875.435
-3698.497 -3615.074 -3824.325 -3714.199 -3755.289
-3876.961 -3728.757 -3731.3 -3790.067 -3858.291
-3534.744 -3564.252 -3393.309 -3333.981 -3456.802
-3241.936 -3114.802 -3158.462 -3313.294 -3343.081
-3821.782 -3716.262 -3912.533 -4012.755 -4050.545
-4037.425 -3977.251 -4108.391 -4135.736 -4220.333
-4224.459 -4035.035 -3895.65 -3986.213 -3711.269
-3743.087 -3662.634 -3875.023 -3896.323 -3928.915
-3880.804 -3914.965 -3703.843 -3544.984 -3720.149
-3803.582 -3846.561 -3982.803 -4124.436 -4157.014
-4203.323 -4115.88 -4128.69 -4129.077 -4111.632
-4255.514 -4254.778 -4297.329 -4300.76 -4301.305
-4303.184 -4300.139 -4296.52 -4296.589 -4318.536
-4317.375 -4315.018 -4307.245 -4321.709 -4320.925
-4315.723 -4304.755 -4298.191 -4305.85 -4302.328
-4293.301 -4296.282 -4273.960 -4273.738 -4272.043
-4290.775 -4286.748 -4268.593 -4285.586 -4235.292
-4212.041 -4182.594 -4187.698 -4202.563 -4201.645
-4217.405 -4219.69 -4322.006 -4302.429 -4272.723
-4269.207 -4236.989 -4233.280 -4251.915 -4264.279
-4272.939 -4286.584 -4247.091 -4250.361 -4245.132
-4207.001 -4141.283 -4115.912 -4182.975 -4181.729
-3979.084 -3962.552 -3714.586 -3828.153 -3771.523
-3870.528 -3707.967 -3738.648 -3909.179 -3730.851
-3677.329 -3689.141 -3732.368 -3688.269 -4056.924
-3973.541 -4113.597 -4139.207 -3938.84 -4003.717
-3911.475 -3865.384 -3955.753 -3970.03 -4185.177
-4121.691 -4070.925 -4100.305 -3951.394 -3849.801
-3857.348 -4048.418 -4026.840 -4045.065 -3986.859
-4074.527 -3975.053 -3937.612 -3952.262 -4104.016
-4181.305 -4194.586 -4207.447 -4103.519 -4012.283
-4002.359 -4095.509 -4028.215 -3624.775 -3820.288
-3889.855 -4067.754 -4062.461 -4079.78 -4077.705
-4096.857 -4158.119 -4103.006 -4199.8 -4208.374
-4133.104 -4185.181 -4090.782 -4098.194 -4090.995
-3965.846 -3932.664 -4083.789 -4105.459 -3993.026
-4115.807 -3940.541 -4023.401 -3872.136 -3684.88
-3714.832 -3591.086 -3652.327 -3629.634 -3745.373
-3857.057 -3889.557 -3868.427 -3857.45 -3885.227
-3998.399 -3730.596 -3903.708 -3838.198 -3934.196
-3829.256 -3864.845 -3890.403 -3980.542 -4081.179
-4005.201 -3999.013 -3995.898 -4044.516 -4008.038
-4077.09 -4058.088 -4062.311 -3959.525 -4020.473
-3962.674 -4039.788 -4043.490 -4061.421 -4173.907
-4219.732 -4276.687 -4275.084 -4252.742 -4111.865
-3888.893 -4147.963 -4071.098 -4158.418 -4076.048
-4163.195 -4048.025 -4183.609 -4203.809 -4206.265
-4215.457 -4242.278 -4217.093 -4233.985 -4173.094
-4256.61 -4296.379 -4183.285 -4269.066 -4215.318
-4265.435 -4283.536 -4308.806 -4313.475 -4268.777
-4261.534 -4247.645 -4232.752 -4057.572 -4096.255
-4117.295 -4211.078 -4246.656 -4258.405 -4177.862
-4194.391 -4254.752 -4234.143 -4219.834 -4068.742
-4148.844 -4243.835 -4237.462 -4208.925 -4134.993
-4100.732 -4227.156 -4199.664 -4197.552 -4187.333
-4208.842 -4197.215 -4178.982 -4142.833 -4196.259
-4241.989 -4181.776 -4174.305 -4190.315 -4158.055
-4059.899 -3922.79 -3770.725 -3760.434 -3751.955
-3857.505 -4114.345 -4013.066 -4183.533 -4043.279
-4121.814 -3977.753 -3879.368 -3898.938 -3884.782
-4153.477 -4236.201 -4229.494 -4029.819 -4067.025
-4007.949 -3925.252 -3929.44 -3863.180 -3822.781
-4068.047 -3957.134 -4086.989 -3973.615 -4065.336
-3994.503 -4149.506 -3895.135 -3917.668 -3935.691
-4044.884 -4041.048 -3959.413 -3914.564 -3899.048
-3940.247 -4000.626 -4026.095 -4127.869 -4119.959
-4015.367 -4055.882 -4147.813 -4044.191 -4206.289
-4258.606 -4254.134 -4285.073 -4281.018 -4303.712
-4308.569 -4312.631 -4303.398 -4305.035 -4282.452
-4272.005 -4264.035 -4247.377 -4235.582 -4048.188
-4093.308 -4008.886 -4042.455 -3924.965 -3996.573
-3997.932 -3907.951 -4016.098 -4164.809 -4243.279
-4244.018 -4236.481 -4168.326 -4048.723 -4169.233
-4074.757 -4093.17 -4105.448 -4214.604 -4179.371
-4189.368 -4214.151 -4225.219 -4224.658 -4145.927
-4086.339 -3932.347 -3957.873 -3897.235 -3897.813
-3937.975 -4013.382 -3856.08 -4218.556 -4250.032
-4205.819 -4227.344 -4171.313 -4212.961 -4140.873
-4080.782 -4053.859 -4058.22 -4099.160 -4129.085
-4165.448 -4175.811 -4162.103 -4161.977 -4135.585
-4138.730 -4139.895 -4226.939 -4271.108 -4303.211
-4310.884 -4300.029 -4235.888 -4148.579 -4195.927
-4103.367 -4067.705 -4073.1 -4050.326 -3961.836
-4069.022 -4069.92 -3763.777 -3791.702 -3903.453
-3678.362 -3678.362 -3848.071 -3864.176 -3762.876
-3577.486 -3742.47 -4093.315 -4022.632 -3895.242
-3843.671 -4125.62 -4151.175 -4136.234 -4152.816
-4179.099 -4105.356 -4152.514 -4058.226 -4099.811
-4118.563 -4111.504 -4229.356 -4253.471 -4270.59
-4229.611 -4245.415 -4263.019 -4286.593 -4314.851
-4328.909 -4321.639 -4320.026 -4313.792 -4287.491
-4288.79 -4286.862 -4287.228 -4282.152 -4306.942
-4271.940 -4274.271 -4284.607 -4317.498 -4298.314
-4306.864 -4318.986 -4322.093 -4321.494 -4330.217
-4329.568 -4315.967 -4322.033 -4335.595 -4320.242
-4311.193 -4320.236 -4303.481 -4301.305 -4255.188
-4222.79 -4134.726 -3906.112 -3715.618 -3780.343
-3846.546 -3609.796 -3398.547 -3354.498 -3354.964
-3624.42 -3845.576 -3720.184 -3710.5 -3823.83
-3645.843 -3652.371 -3639.080 -3626.168 -3821.058
-3895.258 -3853.875 -3946.642 -3990.441 -3964.506
-3974.226 -3845.155 -3895.342 -3913.158 -4015.994
-3998.395 -4046.469 -3902.271 -4048.208 -4159.913
-3993.595 -4117.061 -4179.622 -4139.95 -4089.484
-4210.565 -4200.748 -4133.109 -4079.339 -4020.849
-3855.206 -3816.185 -3968.299 -4138.682 -4140.697
-4215.938 -4226.987 -4249.509 -4217.67 -4155.532
-4046.799 -4047.501 -4054.113 -3886.313 -3839.173
-3948.755 -3880.418 -3853.308 -3919.053 -3977.453
-4072.183 -4005.08 -3971.253 -3998.99 -4064.219
-4078.967 -4003.39 -3874.506 -3875.686 -3888.995
-4002.334 -3962.311 -3757.601 -3946.004 -4017.617
-3900.696 -3861.934 -3847.036 -3883.474 -3871.533
-3865.188 -3804.653 -4000.638 -3934.166 -3953.582
-4040.474 -4148.481 -4187.498 -4201.643 -4249.192
-4235.01 -4240.626 -4207 -4241.819 -4201.596
-4242.497 -4253.976 -4276.572 -4257.515 -4268.481
-4285.27 -4239.073 -4235.267 -4213.441 -4222.083
-4169.160 -4209.437 -4189.469 -4122.931 -4119.744
-4054.537 -3800.434 -3722.873 -3679.601 -3693.861
-3542.228 -3356.146 -3671.964 -3590.676 -3607.309
-3647.397 -3556.732 -3479.004 -3426.959 -3320.013
-3349.955 -3697.433 -3620.215 -3664.887 -3828.869
-3795.236 -3699.796 -3639.81 -3555.615 -3657.582
-3609.392 -3694.937 -3510.422 -3838.396 -3508.634
-3619.776 -3792.028 -3774.289 -3982.405 -4112.19
-4028.542 -4081.869 -3799.138 -3806.157 -3755.628
-3978.601 -3971.314 -3909.264 -3943.17 -3878.094
-3699.367 -3805.158 -3818.259 -3840.548 -3934.006
-3825.502 -3942.781 -3853.706 -3686.98 -3615.727
-3663.359 -3640.524 -3907.491 -3864.524 -3863.414
-3725.61 -3796.72 -3929.163 -4061.149 -4130.910
-4052.297 -4186.131 -4061.287 -4051.697 -3827.793
-3778.671 -4006.692 -4001.512 -4087.062 -3981.142
-3869.197 -3979.743 -3850.292 -3915.609 -3817.19
-3932.306 -3841.307 -3805.241 -3908.223 -3858.068
-3901.492 -4075.362 -4084.344 -4127.706 -4185.699
-4032.441 -4054.951 -4039.521 -4111.204 -4062.783
-4137.06 -4149.872 -4047.271 -4104.547 -4030.084
-4039.143 -4032.44 -4157.280 -4071.734 -4126.062
-4032.656 -3795.346 -4027.261 -3931.218 -3796.601
-3809.199 -3816.747 -3964.522 -3975.515 -4048.144
-4063.713 -4105.409 -4277.171 -4279.149 -4215.906
-4212.173 -4244.11 -4055.319 -3975.639 -4047.511
-3768.739 -4022.593 -4079.092 -4087.710 -3922.201
-4110.366 -4212.432 -4240.179 -4277.288 -4305.356
-4299.213 -4281.695 -4298.286 -4318.454 -4320.897
-4326.568 -4316.807 -4318.280 -4296.726 -4319.136
-4309.279 -4324.184 -4325.757 -4326.821 -4321.771
-4326.618 -4325.572 -4322.695 -4321.021 -4319.48
-4320.746 -4320.774 -4324.977 -4326.146 -4321.167
-4323.429 -4309.017 -4317.424 -4309.652 -4308.01
-4309.5 -4315.296 -4301.888 -4279.499 -4274.848
-4261.005 -4221.431 -4175.482 -4165.943 -4182.209
-4213.299 -4233.164 -4249.477 -4247.908 -4105.289
-4088.55 -4059.978 -3613.485 -3677.773 -3659.545
-3400.978 -3582.323 -3256.788 -3554.043 -3594.026
-3592.125 -4043.692 -4020.702 -4089.215 -4026.872
-4025.493 -3980.944 -3747.389 -4028.98 -3956.963
-3814.954 -4005.467 -3996.614 -3885.559 -4094.061
-4071.078 -4032.703 -3980.227 -4034.477 -4135.084
-4114.473 -4201.783 -4224.375 -4269.12 -4272.896
-4259.534 -4254.93 -4261.115 -4293.394 -4320.171
-4313.324 -4307.445 -4293.922 -4298.484 -4267.832
-4276.346 -4294.185 -4271.189 -4264.383 -4248.586
-4288.651 -4299.525 -4265.175 -3981.629 -4092.237
-4082.953 -4190.474 -4230.514 -4175.329 -4248.154
-4213.959 -4169.982 -3958.237 -4064.266 -4102.661
-3965.035 -4107.496 -4061.045 -4116.366 -4231.076
-4261.865 -4282.55 -4262.12 -4261.343 -4236.136
-4217.229 -4257.449 -4208.71 -4206.688 -4248.6
-4252.132 -4257.728 -4283.352 -4231.341 -4219.326
-4201.435 -4094.482 -4195.979 -4171.417 -4180.376
-4164.754 -4017.316 -3790.646 -3697.248 -3807.088
-3807.161 -3765.468 -3646.155 -3715.816 -3692.219
-3803.393 -3785.18 -3936.393 -4015.932 -3897.59
-4055.307 -4036.824 -3857.341 -3790.974 -3901.492
-3743.815 -3873.071 -3633.197 -3592.289 -3910.378
-3833.742 -3816.724 -3690.636 -3833.031 -3596.973
-3790.373 -3645.516 -3660.081 -3850.591 -4239
-4212.666 -4244.358 -4201.684 -4138.797 -4023.791
-4155.509 -4152.984 -4076.646 -4035.778 -4023.443
-4016.776 -4017.893 -3820.213 -3949.348 -4010.510
-4070.743 -4122.583 -4196.826 -4223.785 -4207.274
-4212.868 -4231.087 -4181.119 -4162.965 -4077.925
-4199.935 -4182.141 -4097.979 -4052.286 -3978.426
-4110.099 -4172.976 -4059.342 -3895.737 -3635.792
-3450.483 -3575.461 -3597.932 -3734.781 -3582.584
-3597.815 -3721.307 -3878.401 -3742.915 -3684.914
-3829.268 -3877.69 -3931.601 -3930.013 -3877.89
-3922.937 -3799.589 -3767.597 -4003.136 -3847.246
-3907.372 -4010.236 -3887.794 -3860.166 -3914.237
-4108.367 -4179.014 -4114.325 -4103.97 -3933.462
-3906.983 -3758.859 -3902.872 -3784.525 -3784.977
-4027.503 -4021.628 -3956.791 -4005.856 -3901.32
-3724.572 -3548.268 -3613.825 -3418.232 -3523.987
-3480.582 -3543.544 -3539.644 -3879.127 -3719.476
-3772.926 -3997.908 -4015.407 -3739.117 -3474.466
-3477.204 -3667.201 -3548.815 -3178.404 -3489.014
-3652.497 -3840.459 -3849.859 -3763.592 -3842.327
-4056.525 -4113.405 -4101.792 -4152.247 -4192.971
-4185.935 -4190.332 -4155.956 -3903.61 -3982.604
-4024.385 -3963.880 -3769.127 -3798.485 -4092.493
-3833.302 -4036.677 -4023.501 -4011.643 -3967.199
-3880.539 -3903.914 -3856.172 -3916.313 -4045.516
-3973.499 -3998.034 -3767.249 -3693.724 -3555.583
-3699.105 -3698.898 -3673.968 -3741.217 -3531.754
-4063.663 -4075.966 -3916.492 -3921.738 -3869.575
-4023.41 -4136.07 -4149.059 -4198.772 -4241.773
-4154.704 -4000.326 -3775.522 -3890.951 -3660.976
-3921.869 -4009.068 -3989.038 -4071.9 -3866.732
-3945.47 -3738.359 -3565.812 -3566.116 -3765.082
-3704.612 -3623.556 -3868.08 -3821.083 -3834.435
-3915.492 -4002.267 -3832.643 -3873.084 -3927.359
-3838.233 -3774.973 -3986.065 -4085.159 -4102.952
-4110.512 -4136.441 -4215.801 -4211.994 -4200.011
-4245.595 -4242.863 -4310.012 -4308.922 -4310.497
-4322.205 -4321.95 -4319.051 -4322.005 -4319.722
-4324.195 -4337.522 -4335.726 -4330.142 -4331.628
-4328.61 -4316.677 -4323.134 -4316.649 -4322.271
-4324.242 -4331.277 -4332.084 -4322.443 -4315.165
-4317.684 -4308.237 -4319.246 -4311.416 -4314.513
-4318.523 -4317.875 -4321.773 -4320.682 -4316.364
-4302.74 -4261.543 -4241.407 -4187.589 -4168.505
-4210.168 -4198.087 -4216.519 -4173.834 -4033.8
-3935.119 -4030.438 -3986.016 -3846.416 -3871.419
-3760.999 -3691.512 -3769.34 -3724.708 -3628.686
-3767.185 -3857.453 -3623.373 -3679.8 -4035.006
-4118.733 -4134.718 -4135.107 -4172.192 -4028.072
-4052.104 -4102.357 -4181.567 -4101.712 -4202.177
-4132.871 -4130.413 -4126.996 -4133.095 -4153.820
-4159.047 -4280.285 -4242.037 -4313.105 -4298.02
-4264.054 -4295.709 -4290.712 -4283.997 -4265.415
-4242.037 -4255.911 -4271.743 -4243.111 -4196.57
-4215.16 -4265.042 -4261.738 -4269.121 -4255.138
-4229.904 -4205.883 -4271.406 -4280.093 -4265.02
-4254.89 -4299.181 -4302.681 -4305.066 -4296.624
-4302.914 -4308.407 -4307.93 -4310.426 -4319.848
-4310.398 -4309.091 -4309.915 -4319.855 -4324.078
-4327.77 -4321.373 -4327.235 -4315.295 -4312.222
-4324.346 -4325.383 -4329.106 -4324.112 -4304.905
-4324.08 -4314.81 -4308.626 -4293.757 -4277.207
-4283.466 -4295.232 -4299.582 -4314.752 -4317.082
-4319.894 -4318.297 -4327 -4328.579 -4327.573
-4317.679 -4326.345 -4319.837 -4320.436 -4320.007
-4315.66 -4305.565 -4287.244 -4270.777 -4303.88
-4313.673 -4313.24 -4313.759 -4323.047 -4327.936
-4327.891 -4318.317 -4299.852 -4258.474 -4163.139
-4201.578 -4205.159 -4196.508 -4171.102 -4141.447
-4186.856 -4203.335 -4104.997 -4091.724 -4112.746
-4208.236 -4262.832 -4261.108 -4249.624 -4264.051
-4263.409 -4242.835 -4239.066 -4195.194 -4256.75
-4241.058 -4224.025 -4049.545 -4115.908 -4097.196
-4190.002 -4220.327 -4249.218 -4271.828 -4252.893
-4195.321 -4202.781 -4018.701 -3874.98 -3757.282
-4104.279 -4158.615 -4080.007 -3975.768 -3962.915
-4139.591 -3953.274 -3920.875 -4161.613 -4150.798
-4010.966 -3865.964 -3758.848 -3846.656 -4018.267
-4014.074 -4047.697 -3958.801 -3773.872 -3800.770
-3936.415 -3755.276 -3741.532 -3740.156 -3822.046
-4101.471 -4192.357 -4185.41 -4162.457 -4147.286
-4145.732 -4207.091 -4100.599 -4221.388 -4205.415
-4255.277 -4238.253 -4206.474 -4145.202 -4211.456
-4208.127 -4211.773 -4207.534 -4235.681 -4252.109
-4249.392 -4258.226 -4312.654 -4321.412 -4322.878
-4328.989 -4327.824 -4328.27 -4328.318 -4327.050
-4329.528 -4328.455 -4328.37 -4325.569 -4313.223
-4310.379 -4310.769 -4320.512 -4285.72 -4274.312
-4282.815 -4271.664 -4209.951 -4188.477 -4213.343
-4245.513 -4206.818 -4155.933 -4082.945 -4158.982
-3990.634 -4182.748 -4140.365 -3679.706 -3673.206
-3778.702 -3962.427 -3871.604 -3924.07 -4042.928
-4079.345 -3980.316 -3747.048 -3833.529 -4015.84
-3799.966 -3619.601 -3893.009 -3752.394 -3853.359
-3755.657 -3925.343 -3814.747 -3935.278 -3899.045
-4105.61 -4046.971 -3995.786 -3906.789 -4024.787
-3991.242 -4127.676 -4116.665 -3705.772 -3781.805
-3610.422 -3595.568 -3568.64 -3718.064 -3675.891
-4024.314 -4042.899 -3705.849 -3685.526 -3716.100
-3953.115 -3870.132 -3923.717 -3827.659 -3725.947
-3680.702 -3946.862 -3950.607 -3825.284 -3714.799
-3626.857 -3754.69 -3811.779 -3765.319 -3844.99
-3622.696 -3709.28 -3804.608 -3694.048 -3687.345
-3658.112 -3559.851 -3644.655 -3729.622 -3781.585
-4098.248 -4170.791 -4099.513 -3841.157 -3749.042
-3544.692 -3556.307 -3693.094 -3655.673 -3871.977
-4010.580 -3760.988 -3835.356 -3835.925 -4045.686
-4141.526 -4112.156 -4097.369 -4178.979 -3883.795
-3823.121 -4048.335 -4161.906 -4239.1 -4223.841
-4116.67 -4086.785 -3974.848 -3902.434 -3920.261
-3924.409 -3958.218 -3955.484 -4047.651 -4026.018
-4120.38 -4046.978 -3751.572 -3760.267 -3757.34
-3790.866 -3640.32 -3587.824 -3614.844 -3835.901
-3755.222 -3923.7 -3954.469 -4030.475 -4106.632
-4144.373 -4038.941 -3937.312 -3930.829 -3622.674
-3705.52 -3971.957 -3848.536 -3922.442 -3929.08
-3864.833 -3788.307 -3945.955 -4020.746 -3686.453
-3696.725 -3652.258 -3793.707 -3639.623 -3640.603
-3729.313 -3709.125 -3861.775 -4090.923 -3953.118
-3863.484 -3878.019 -3934.693 -3804.186 -3636.188
-3560.202 -3440.767 -3569.222 -3531.104 -3598.178
-3714.625 -3802.782 -3897.025 -3742.014 -3833.558
-3870.411 -3780.501 -3983.439 -3708.433 -3650.001
-3901.474 -3992.413 -3875.639 -4019.554 -3935.054
-3842.74 -3737.857 -3697.022 -3829.168 -3794.864
-3791.373 -3957.588 -3914.995 -3802.859 -3963.675
-4151.147 -4115.061 -3961.525 -3847.392 -3735.998
-3616.408 -3705.331 -3936.899 -3814 -3791.976
-3901.859 -3942.573 -3902.655 -3878.385 -3984.194
-4022.456 -3936.038 -4069.93 -4164.514 -4127.543
-4066.621 -4065.578 -3971.057 -3772.777 -3779.548
-3764.883 -3532.428 -3468.36 -3458.24 -4047.924
-4144.403 -4137.968 -4061.63 -3807.198 -3844.562
-3866.633 -3663.308 -3717.764 -3877.448 -3943.224
-3879.122 -3619.650 -3464.406 -3703.07 -3752.678
-3659.926 -3591.912 -3501.033 -3589.024 -3545.538
-3445.612 -3313.246 -3452.047 -3399.206 -3182.266
-3385.213 -3552.572 -3551.637 -3297.434 -3443.645
-3344.029 -3343.116 -3620.831 -3885.126 -3722.521
-3775.207 -3817.133 -3864.792 -4024.803 -4053.225
-4132.455 -4134.779 -4097.93 -3990.481 -4019.585
-4023.057 -4020.337 -3938.019 -3770.805 -3757.295
-3692.302 -3722.21 -3764.637 -3672.627 -3744.312
-3833.364 -3763.972 -3694.456 -3716.281 -3763.280
-3866.230 -3901.170 -4055.109 -4061.360 -4022.102
-3831.966 -3828.577 -3616.776 -3612.24 -3707.574
-3842.11 -3663.118 -3648.965 -3789.760 -3473.094
-3619.415 -3763.205 -3883.183 -3845.807 -3726.047
-3832.651 -3821.383 -3999.353 -3965.458 -3885.558
-3927.881 -3830.865 -3739.983 -3973.154 -4032.182
-4053.783 -3993.341 -3767.036 -4007.469 -3864.101
-4017.247 -3750.038 -3683.135 -3563.555 -3639.924
-3632.292 -3668.5 -3839.092 -3886.172 -4054.979
-4000.627 -3802.390 -3819.031 -3741.863 -3870.807
-3774.637 -3495.106 -3648.028 -3480.188 -3465.867
-3449.363 -3504.51 -3546 -3575.62 -3809.5
-3534.029 -3449.484 -3782.571 -3553.565 -3636.502
-3678.514 -3695.556 -3591.073 -3799.359 -3949.596
-4034.398 -4058.65 -4053.968 -4049.967 -3865.272
-3825.171 -3813.807 -3877.762 -4175.991 -4211.846
-4224.137 -4203.004 -4047.831 -4023.955 -4027.597
-4014.007 -4202.927 -4137.479 -4007.345 -3851.706
-3543.195 -3391.262 -3540.704 -3623.827 -3648.198
-3643.064 -3634.564 -3655.931 -3834.912 -3994.013
-3963.431 -3854.813 -4165.454 -4147.077 -4248.073
-4256.131 -4275.127 -4273.687 -4286.174 -4314.848
-4321.759 -4318.184 -4319.071 -4307.261 -4310.949
-4316.156 -4322.618 -4319.906 -4310.211 -4283.202
-4255.148 -4201.037 -4184.653 -4132.66 -3951.551
-3941.601 -3953.085 -4053.079 -3992.07 -4062.243
-4134.244 -4095.619 -4104.037 -3846.584 -3889.265
-3938.444 -4040.264 -4081.709 -4138.473 -4114.677
-3869.976 -3556.632 -3609.091 -3577.268 -3723.355
-3687.611 -3733.107 -3856.932 -3918.838 -3978.461
-3829.16 -3549.529 -3842.394 -3918.171 -3713.36
-3772.107 -3692.312 -3552.920 -3858.416 -4076.711
-4094.017 -4154.926 -4081.798 -4057.481 -4171.05
-4184.411 -4170.821 -4237.265 -4234.105 -4204.47
-4124.692 -4148.464 -4194.012 -4121.973 -3914.838
-3958.87 -3863.741 -3801.098 -3536.453 -3845.892
-3864.665 -3845.581 -3797.080 -3631.559 -3852.687
-3614.562 -3760.8 -3699.048 -3733.739 -3744.084
-3666.466 -3988.709 -4026.78 -3705.235 -3781.966
-3873.907 -3928.431 -4160.867 -4174.048 -4222.844
-4075.972 -4086.571 -4221.999 -4229.568 -4281.892
-4289.692 -4296.028 -4288.93 -4242.319 -4250.747
-4135.716 -4109.25 -4167.701 -4196.555 -4198.722
-4203.632 -4088.715 -4166.988 -4213.842 -4185.375
-4076.808 -3857.569 -3963.271 -3908.835 -4090.146
-3919.237 -3767.621 -3678.290 -3732.996 -3907.773
-3752.645 -3646.718 -3779.172 -3838.383 -3772.765
-3979.201 -3974.791 -3925.47 -3977.22 -4059.076
-4124.314 -4082.734 -4065.831 -3747.863 -3774.64
-3839.461 -3897.752 -3909.196 -4040.515 -3953.975
-4023.191 -3695.02 -3683.469 -3666.898 -3842.544
-3969.005 -3959.554 -4003.385 -3868.769 -3904.113
-4021.603 -3997.285 -4075.402 -4140.851 -4075.53
-4194.495 -4117.845 -4031.79 -3902.448 -3538.484
-3616.979 -3932.099 -3770.227 -3928.073 -4224.419
-4243.011 -4204.707 -4157.296 -4020.025 -3999.132
-3773.561 -3825.514 -3738.872 -3751.972 -3839.053
-4068.913 -4136.421 -3957.327 -3995.059 -4130.086
-4157.044 -4169.616 -4175.849 -4175.852 -4239.388
-4262.077 -4251.721 -4259.289 -4261.243 -4275.779
-4279.195 -4278.958 -4272.553 -4278.387 -4165.914
-4059.962 -3694.177 -3787.098 -3599.892 -3282.715
-3205.342 -3214.059 -3699.969 -3694.969 -3853.614
-3904.496 -4088.971 -4048.634 -4013.225 -3896.618
-3965.460 -4229.56 -4211.743 -4161.895 -4023.031
-3980.879 -3843.749 -3788.017 -3659.356 -3810.469
-3824.329 -3713.63 -3852.179 -3865.932 -3864.323
-3865.11 -3933.65 -4219.86 -4222.463 -4183.032
-4161.915 -4169.486 -4133.58 -3914.916 -4086.278
-4066.494 -3800.552 -3873.032 -3768.749 -3732.112
-3965.853 -4135.214 -4104.823 -3929.145 -3954.411
-3966.862 -3714.113 -3525.490 -3744.885 -3936.983
-3687.781 -3922.952 -3848.206 -3889.935 -3845.803
-3548.457 -3513.767 -3603.401 -3825.422 -3741.955
-3651.224 -3663.286 -3527.042 -3495.741 -3636.187
-4073.562 -4099.838 -4087.039 -4077.84 -4034.644
-4184.585 -4258.92 -4284.191 -4245.508 -4157.122
-4175.967 -4219.064 -4225.877 -3811.801 -3718.972
-3744.518 -3861.731 -3692.085 -3621.106 -3997.821
-3892.006 -3939.285 -3789.843 -3614.708 -3961.678
-4101.44 -4097.563 -4058.509 -4096.195 -4199.59
-4225.881 -4198.644 -4130.617 -4180.341 -4104.125
-4151.859 -4160.849 -4195.568 -4167.182 -4143.893
-4061.864 -4040.547 -4068.116 -3923.226 -3986.281
-3973.737 -3861.638 -3924.063 -3973.225 -4147.33
-4202.526 -4254.483 -4270.942 -4270.744 -4230.221
-4167.264 -4205.355 -4216.631 -4078.644 -4089.915
-4176.059 -4244.212 -4103.895 -3950.713 -4084.66
-3912.248 -3703.226 -3723.721 -3885.681 -3886.57
-3661.321 -3601.516 -3374.416 -3486.492 -3880.838
-4049.543 -3969.09 -3997.507 -4072.523 -4079.072
-4082.45 -4164.944 -4184.227 -4175.956 -4173.987
-4204.171 -4092.906 -3883.916 -3757.339 -3747.13
-4036.532 -3984.127 -4021.856 -3635.314 -3607.494
-3606.38 -3561.33 -3857.173 -3942.442 -3749.473
-3559.805 -3424.615 -3532.700 -3853.47 -3880.748
-3751.312 -3953.338 -3970.370 -3814.586 -4041.082
-4158.115 -4208.313 -4185.761 -4206.501 -4186.76
-4260.244 -4205.301 -4246.258 -4176.42 -4047.21
-3959.283 -3947.154 -3758.687 -3711.525 -3688.398
-3687.871 -3852.112 -3896.704 -4011.005 -3945.445
-4078.658 -4080.221 -4052.886 -4100.334 -3849.874
-3783.862 -3597.552 -3916.336 -3889.472 -3855.849
-3969.821 -3995.534 -3995.534 -4102.696 -4004.410
-4112.4 -4104.954 -4088.69 -4087.235 -4113.673
-4106.23 -4014.529 -3669.851 -3741.016 -3693.757
-3558.241 -3628.24 -3690.915 -3567.993 -3610.83
-3747.893 -3570.273 -3598.169 -3666.85 -3827.394
-3986.658 -4037.398 -4182.457 -4160.503 -4062.218
-4096.046 -3981.5 -3976.671 -3842.439 -3844.127
-3963.133 -3998.274 -4057.507 -4220.549 -4159.979
-4024.955 -4018.236 -4035.087 -3926.352 -3631.481
-3394.625 -3532.264 -3876.613 -4024.054 -4045.759
-3839.204 -3881.798 -4085.05 -4119.033 -4214.407
-4195.488 -4182.999 -4082.395 -4104.848 -4084.591
-4090.248 -3801.208 -3849.288 -4075.721 -4074.388
-4029.154 -4180.568 -4196.938 -4143.121 -4208.912
-4187.171 -4177.783 -4112.566 -4104.277 -4163.639
-4107.030 -4180.395 -4187.209 -4236.721 -4225.096
-4213.832 -4076.877 -3911.942 -3752.426 -3972.253
-4061.427 -4005.277 -3867.464 -3845.071 -3633.292
-3566.257 -3551.302 -3724.954 -3624.497 -3756.444
-3621.279 -3807.147 -3878.643 -3980.624 -3571.291
-3603.814 -3139.26 -3466.6 -3465.626 -3478.828
-3640.914 -3680.809 -3862.022 -3835.066 -3695.23
-3471.811 -3583.949 -3915.671 -3843.548 -3825.908
-3925.750 -3930.505 -3760.013 -3638.789 -3584.321
-3762.12 -3699.196 -3901.483 -3829.135 -3994.597
-3878.253 -4007.68 -4095.119 -4017.693 -3944.416
-3880.334 -4040.502 -3927.718 -3865.686 -3823.476
-3739.159 -3983.011 -3988.719 -4095.234 -3985.772
-4059.255 -4086.55 -4098.721 -4099.98 -4079.032
-4078.896 -4079.504 -4051.636 -4022.683 -3941.552
-3833.958 -3903.851 -3941.683 -3736.679 -3929.079
-3848.184 -3897.563 -3735.750 -3848.364 -3820.399
-3666.724 -3566.844 -3330.661 -3248.301 -3124.98
-3457.885 -3372.407 -3184.057 -3230.645 -3568.023
-3615.625 -3605.469 -3821.474 -4159.924 -4213.587
-4190.004 -4199.185 -4262.693 -4217.855 -4201.763
-4180.694 -4209.132 -4251.154 -4241.848 -4206.498
-4274.762 -4264.312 -4215.021 -4242.22 -4239.951
-4226.685 -4253.747 -4157.775 -4113.881 -3999.313
-3829.284 -3699.968 -3520.435 -3168.197 -3438.67
-3486.651 -3829.955 -3786.03 -3938.771 -3982.626
-3817.438 -3730.221 -3766.857 -3729.822 -3599.049
-3618.998 -3887.516 -3978.401 -4136.979 -4112.285
-4132.693 -4087.856 -4100.895 -4076.443 -3952.483
-3607.58 -3594.865 -3641.782 -3716.443 -3708.255
-3481.15 -3633.942 -3841.384 -3921.168 -3988.348
-3951.719 -4034.741 -4191.300 -4219.608 -4198.261
-4198.497 -4188.018 -4231.764 -4247.453 -4255.395
-4216.154 -4216.286 -4208.376 -4234.462 -4215.676
-4236.508 -4232.644 -4246.281 -4237.775 -4171.187
-4057.393 -3905.204 -4032.92 -4176.274 -4088.076
-4015.873 -4049.157 -3945.932 -3824.149 -3834.738
-4016.489 -3969.463 -4097.055 -4064.26 -4083.819
-4093.7 -3981.172 -3727.624 -3668.373 -3800.184
-3890.773 -3905.705 -3871.935 -3808.609 -3793.363
-4062.347 -4099.615 -4055.596 -4116.1 -4039.78
-3901.422 -4019.497 -3994.465 -3935.728 -3881.855
-3842.104 -3695.828 -3739.699 -3892.796 -3973.995
-4048.045 -4027.162 -3876.967 -3849.353 -3827.102
-3840.543 -3946.254 -4053.836 -4049.102 -3899.658
-3984.536 -4081.913 -4101.523 -4131.623 -4150.781
-4187.812 -4144.073 -4129.524 -3905.704 -3901.021
-3830.295 -3778.051 -3764.949 -3846.475 -3875.694
-3875.694 -3914.168 -3812.187 -3659.837 -3763.420
-4099.668 -4080.162 -4021.813 -3994.965 -3978.179
-3994.593 -3907.508 -3702.775 -3693.981 -3727.684
-3709.555 -3697.217 -3881.238 -3860.777 -3975.008
-4073.27 -3925.258 -4018.486 -3961.596 -3801.796
-3956.403 -4020.135 -4080.992 -4099.832 -3914.834
-3908.693 -4072.629 -3931.719 -3784.206 -3860.359
-3669.914 -3693.424 -3929.83 -3989.959 -3913.532
-4003.552 -3968.059 -3973.407 -3894.105 -3547.219
-3489.747 -3801.04 -3812.553 -3802.915 -3575.714
-3849.738 -4058.822 -4071.364 -4095.293 -4119.55
-4157.954 -4155.999 -3944.505 -3923.807 -3770.526
-3877.202 -4037.504 -4173.079 -4155.609 -4163.902
-4182.755 -4119.373 -4196.952 -4234.739 -4239.42
-4191.046 -4242.194 -4060.078 -4061.321 -4076.071
-4082.806 -4089.156 -4088.188 -4023.505 -4075.586
-4136.137 -4074.218 -3977.761 -4062.987 -3891.045
-3635.104 -3739.87 -3867.435 -3820.640 -3823.108
-3586.644 -3512.407 -3189.827 -3152.063 -2621.357
-3298.495 -3363.48 -3355.383 -3380.377 -3359.613
-3504.246 -3546.133 -3596.155 -3574.673 -3251.224
-3293.744 -3265.863 -3280.920 -3280.920 -3281.043
-3504.226 -3439.599 -4254.985 -4298.622 -4297.288
-4298.059 -4266.86 -4256.189 -4201.229 -4240.485
-4186.104 -4080.277 -4075.084 -4119.916 -4189.311
-4202.308 -4195.955 -4178.491 -4063.962 -3978.079
-3894.738 -3961.917 -3615.037 -3812.915 -3982.310
-3861.343 -3864.539 -3538.18 -3695.276 -3887.635
-4126.131 -4112.049 -4128.195 -4073.281 -4135.578
-4222.207 -4206.509 -4209.853 -4221.853 -4218.137
-4140.393 -4036.800 -4205.093 -4120.935 -4086.962
-4108.441 -4228.363 -4181.36 -4014.91 -3930.922
-3645.266 -3674.454 -3561.762 -3401.455 -3629.469
-3687.143 -3351.201 -3355.126 -3462.391 -3605.801
-3786.209 -3882.675 -3765.024 -3830.514 -3712.406
-3757.723 -3899.315 -3914.864 -3670.402 -3733.423
-3709.438 -3732.727 -3821.874 -3812.844 -3919.475
-3810.75 -3780.603 -3751.1 -4017.955 -4004.411
-4142.672 -3970.277 -3826.776 -4008.163 -4071.219
-4094.845 -4082.552 -4128.773 -4021.202 -4221.222
-4210.546 -4205.656 -4081.486 -4115.332 -4147.140
-4142.873 -4036.519 -4089.698 -4226.026 -4233.034
-4198.953 -4214.742 -4201.518 -4038.016 -3927.457
-3801.936 -3845.761 -3927.09 -4067.069 -4092.629
-4111.406 -4088.213 -4117.318 -4192.794 -4210.92
-4196.929 -4205.776 -4227.57 -4249.933 -4251.193
-4234.298 -4261.572 -4267.84 -4248.34 -4196.134
-4146.561 -4188.346 -3956.491 -4062.251 -3938.818
-3932.151 -4028.855 -4086.614 -4071.179 -3971.884
-4043.746 -4051.15 -4116.46 -4075.531 -4152.886
-4161.444 -4068.762 -3930.056 -3473.801 -3768.297
-3741.559 -3487.823 -3755.937 -3748.677 -3817.296
-3894.03 -3878.536 -3744.869 -3931.981 -3955.144
-4011.132 -3977.196 -3567.072 -3327.074 -3502.169
-3682.752 -3487.533 -3565.026 -3856.765 -3873.802
-3868.768 -3906.053 -3616.851 -3755.237 -3712.745
-3792.166 -3721.292 -3766.021 -3631.191 -3613.630
-3664.201 -3806.500 -3538.02 -3519.979 -3678.717
-3961.548 -3847.13 -3774.305 -3845.355 -3770.816
-3529.695 -3496.016 -3722.878 -3600.694 -3902.603
-3865.244 -3606.38 -3720.912 -3743.438 -3865.68
-3820.047 -3746.091 -3816.187 -3761.066 -3719.042
-3571.941 -3346.555 -3459.180 -3428.126 -3564.798
-3826.915 -3910.675 -3738.397 -3889.268 -3672.377
-3802.01 -3879.836 -3723.6 -3564.519 -3839.715
-3822.939 -3813.398 -3477.978 -3439.35 -3581.528
-3235.862 -3979.669 -3995.2 -3910.139 -3986.817
-4049.21 -4105.522 -3892.577 -3864.483 -3945.985
-3891.707 -3706.847 -3917.435 -3916.29 -3874.384
-3857.866 -3826.385 -3804.884 -3741.078 -3391.365
-3397.303 -3415.183 -3380.358 -3386.245 -3650.159
-3691.176 -3597.107 -3549.488 -3684.150 -3658.778
-3668.695 -3748.330 -3935.586 -3908.787 -3641.284
-3600.872 -3452.473 -3580.824 -3556.229 -3784.679
-3944.523 -3799.822 -3798.696 -3907.511 -3642.523
-3538.759 -3694.836 -3377.554 -3394.078 -2908.423
-3520.235 -3386.438 -3429.257 -3538.852 -3684.662
-4072.048 -4161.178 -4094.034 -4004.656 -4016.878
-4045.389 -4112.854 -4149.078 -4164.304 -4150.388
-4046.506 -3840.509 -3777.664 -3735.239 -3670.218
-3932.871 -3887.52 -3700.698 -3650.092 -3702.338
-3569.209 -3403.995 -3834.924 -3872.040 -3636.166
-3694.205 -3741.271 -3949.953 -3896.195 -3993.367
-3966.033 -4092.277 -4048.636 -3901.146 -3998.552
-4082.319 -3993.875 -4005.99 -3948.73 -3663.689
-3807.887 -3781.792 -3726.337 -3663.633 -3616.861
-3667.35 -3805.519 -3743.542 -3560.907 -3704.177
-3888.547 -3844.939 -3921.539 -3724.864 -3824.824
-3544.388 -3935.827 -3907.724 -3889.314 -3815.931
-3886.070 -3746.347 -3579.061 -3413.673 -3297.639
-3654.152 -3642.181 -3668.014 -3820.521 -3744.611
-4027.659 -4123.705 -4257.524 -4255.077 -4190.981
-4055.326 -4200.982 -4177.987 -4152.452 -4115.183
-4145.927 -4282.974 -4272.138 -4269.607 -4108.545
-4096.085 -4113.321 -4118.396 -4094.456 -4094.605
-4096.118 -4254.377 -4258.591 -4281.718 -4266.105
-4252.844 -4274.460 -4274.005 -4167.678 -4125.882
-4101.908 -4107.702 -4039.976 -3784.494 -3856.619
-4042.418 -3895.096 -4020.773 -3865.623 -4054.227
-4030.536 -3925.321 -3717.801 -3948.483 -4013.294
-4084.31 -4101.449 -4145.568 -4231.255 -4259.046
-4141.348 -4148.321 -4126.463 -4060.900 -4096.574
-3986.477 -3790.442 -4053.072 -4013.904 -4025.499
-3920.752 -3963.493 -4130.955 -3998.253 -4015.335
-4138.567 -3994.732 -4031.745 -3723.122 -3785.494
-3681.039 -3693.333 -3687.815 -3750.347 -3735.113
-3872.499 -3920.198 -3756.491 -3901.844 -3986.385
-4213.066 -4239.045 -4263.24 -4211.274 -4181.515
-4057.333 -4051.827 -4080.75 -4076.625 -4048.548
-4173 -4269.179 -4285.354 -4284.14 -4317.732
-4316.248 -4315.798 -4322.106 -4313.937 -4311.265
-4316.598 -4324.543 -4323.854 -4298.826 -4286.497
-4276.320 -4296.158 -4303.095 -4289.465 -4287.271
-4303.215 -4314.681 -4321.333 -4314.162 -4312.798
-4295.694 -4296.304 -4285.19 -4298.97 -4266.306
-4273.638 -4285.745 -4278.931 -4263.905 -4294.073
-4296.969 -4305.822 -4304.126 -4305.095 -4305.578
-4273.483 -4255.845 -4268.567 -4282.358 -4282.744
-4263.721 -4216.979 -4247.983 -4218.977 -4249.620
-4273.621 -4283.565 -4283.151 -4283.11 -4251.372
-4240.779 -4280.645 -4238.827 -4182.268 -4252.032
-4211.116 -4037.659 -4093.881 -3792.16 -3524.464
-3596.739 -3812.985 -3800.965 -3794.051 -3857.12
-3597.506 -3611.534 -3512.715 -3488.477 -3458.048
-3705.842 -3484.608 -3404.771 -3249.608 -3497.255
-3680.727 -3821.267 -3537.037 -3661.612 -3576.434
-3642.261 -3925.377 -3698.252 -3791.093 -3942.667
-3826.029 -3924.481 -3994.518 -4116.471 -4146.748
-4107.346 -3959.049 -3753.15 -3610.554 -3732.831
-3711.538 -3667.216 -3858.238 -3947.341 -3901.405
-3896.318 -4024.939 -4012.191 -3848.594 -3867.006
-3659.664 -3706.458 -3731.211 -3709.318 -3690.882
-3689.572 -3671.102 -3908.865 -3953.77 -4279.057
-4152.942 -4142.299 -4204.652 -4254.816 -4195.806
-3932.194 -4131.71 -4029.177 -4004.342 -3985.709
-4126.249 -4024.631 -3923.015 -4050.174 -4248.306
-4269.948 -4266.11 -4264.362 -4287.232 -4262.62
-4184.211 -4148.051 -4116.538 -4157.975 -4235.053
-4195.623 -4064.466 -4095.164 -4053.769 -4051.599
-4170.844 -4177.698 -4259.959 -4218.013 -4162.027
-4189.002 -4188.608 -4189.394 -4190.471 -4207.253
-4098.124 -3631.913 -3757.26 -3443.096 -3460.822
-3658.833 -3726.358 -3864.243 -3769.442 -3832.33
-3721.024 -3740.884 -3494.745 -3717.820 -3874.463
-3978.239 -3820.97 -4065.669 -3990.539 -4074.826
-3996.656 -4132.665 -3983.135 -3746.609 -3788.752
-3966.555 -3854.929 -3636.088 -3523.721 -3765.743
-3656.018 -3652.758 -3857.527 -3766.716 -3920.042
-3948.18 -3995.026 -3781.003 -3769.663 -3776.678
-3983.079 -3897.219 -4059.157 -3925.663 -3897.379
-3751.911 -4007.747 -3990.029 -3869.053 -4024.855
-4122.648 -4051.131 -4109.759 -4078.536 -3982.388
-3804.888 -3963.769 -3918.993 -3760.086 -3740.496
-3698.567 -3645.629 -3435.389 -3489.718 -3593.202
-3570.001 -3729.51 -3992.452 -4026.099 -3874.054
-3520.769 -3844.737 -3866.855 -3851.475 -3850.54
-3841.906 -3825.143 -3743.296 -3962.633 -3950.941
-3788.645 -3694.202 -3909.913 -4042.443 -4085.128
-4230.296 -4236.664 -4194.599 -4181.418 -4061.628
-4032.177 -3882.14 -3869.439 -3744.592 -3949.966
-4041.984 -3995.617 -3971.143 -3995.670 -4057.456
-3946.148 -3685.895 -3791.456 -3765.522 -3932.695
-3992.142 -3926.085 -3795.415 -3670.146 -3805.119
-3730.577 -3898.704 -4105.929 -4091.85 -3845.707
-4070.869 -4133.381 -4193.346 -4130.101 -4270.231
-4214.75 -4187.866 -4213.327 -4117.502 -4174.205
-3873.933 -3808.217 -3771.906 -4040.309 -4066.049
-4073.281 -4010.431 -3995.7 -4082.439 -3993.604
-4108.459 -4069.255 -4117.868 -4191.471 -4170.505
-4216.563 -4233.376 -4053.912 -4146.449 -4095.06
-4150.408 -4175.908 -4112.103 -3947.796 -3913.138
-3562.670 -3529.250 -3798.777 -3828.189 -3903.177
-3770.300 -3757.553 -3919.264 -4029.81 -4074.598
-4069.040 -4054.939 -3919.201 -3752.585 -3773.34
-3974.577 -3853.949 -3973.488 -3991.017 -3991.121
-3825.272 -3819.841 -4068.829 -3940.461 -3920.287
-3904.295 -3815.492 -3698.184 -3809.896 -3894.973
-3958.766 -3868.557 -4007.254 -3915.627 -3825.998
-3897.114 -3979.528 -4058.086 -3998.323 -4071.669
-3957.318 -3953.284 -4069.904 -4030.787 -3895.07
-3916.369 -4000.902 -4122.161 -4140.314 -4059.269
-4007.033 -3975.055 -3943.246 -3931.524 -3870.042
-3782.96 -3914.542 -3705.434 -3668.231 -3728.139
-3705.863 -3727.847 -3889.581 -3711.203 -3918.619
-3906.312 -3911.956 -4043.024 -3939.482 -4001.389
-3971.329 -4099.997 -4114.462 -4201.312 -4050.507
-4187.965 -4191.298 -4141.522 -4201.224 -4246.272
-4255.884 -4226.098 -4264.827 -4266.688 -4160.452
-4228.808 -4149.877 -4193.519 -4229.26 -4283.253
-4238.603 -4244.132 -4270.588 -4272.813 -4258.861
-4305.197 -4307.808 -4307.687 -4308.398 -4298.870
-4276.823 -4243.886 -4233.342 -4207.051 -4099.993
-4190.191 -4238.784 -4137.138 -3963.229 -3988.878
-4003.271 -4008.081 -4001.924 -4025.395 -3923.699
-4025.291 -3955.068 -3997.176 -4024.93 -4063.227
-4080.229 -4051.201 -3678.678 -4136.399 -4075.528
-4076.851 -3994.42 -3956.189 -3732.508 -3940.224
-4045.681 -3941.098 -3805.209 -3788.769 -3988.656
-4044.701 -4164.376 -4205.147 -4212.408 -4199.088
-4248.987 -4243.294 -4174.282 -4180.953 -4182.87
-4184.516 -4184.043 -4204.480 -4108.933 -4005.222
-3853.288 -3950.785 -3976.444 -3854.046 -4088.662
-4073.71 -3815.570 -3752.047 -3767.991 -3892.699
-3739.538 -3811.845 -3792.758 -4035.615 -3879.838
-3743 -3761.850 -3770.267 -3850.791 -3888.645
-4023.593 -4085.886 -4125.04 -4011.182 -4094.089
-4040.48 -3873.671 -3964.268 -3723.204 -3398.306
-3399.872 -3934.479 -3772.455 -3695.465 -3645.31
-3616.706 -3962.806 -4096.359 -4206.419 -3948.473
-4145.496 -4139.259 -4121.786 -4142.643 -4136.001
-4153.968 -4187.631 -4173.762 -4075.778 -3881.537
-3754.948 -3888.212 -3890.674 -3896.741 -3930.3
-4139.549 -4138.261 -4267.976 -4260.567 -4219.959
-4194.286 -4162.632 -4146.456 -4197.543 -4191.342
-4035.306 -3834.429 -3985.574 -3912.508 -3757.288
-3896.952 -3780.733 -3913.178 -3772.7 -3672.418
-3801.485 -3653.397 -3773.146 -3743.839 -3846.65
-3812.490 -3855.718 -3806.163 -3842.336 -3736.7
-3534.806 -3647.304 -3464.120 -3941.148 -3960.646
-3885.832 -3614.372 -3562.11 -3374.148 -3470.016
-3517.369 -3632.962 -3513.825 -3865.196 -3803.456
-4041.423 -4135.953 -4146.92 -4178.19 -4133.913
-3981.931 -3989.421 -3985.727 -3978.409 -4070.767
-4128.72 -4130.501 -4104.21 -4078.494 -4083.595
-4055.354 -4312.1 -4340.097 -4316.562 -4260.771
-4247.288 -4236.117 -4241.18 -4155.625 -4087.995
-3774.284 -3805.868 -3715.295 -3656.576 -3644.301
-3585.224 -3614.082 -3944.037 -3754.51 -3871.515
-3696.631 -3557.454 -3675.107 -3722.336 -3939.801
-3900.325 -4008.112 -3958.31 -3991.783 -4192.473
-3966.295 -4070.738 -4120.421 -4122.427 -4208.682
-4197.314 -4199.544 -4333.502 -4274.361 -4213.646
-4114.225 -4070.925 -4168.813 -4159.56 -4140.381
-4216.64 -4224.17 -4270.637 -4283.741 -4183.965
-4112.267 -3999.081 -3922.758 -3661.979 -3814.789
-3689.841 -3750.466 -3927.579 -3871.071 -3804.978
-3742.547 -3879.944 -3778.187 -3939.838 -3896.175
-3869.101 -3941.558 -3952.539 -3979.938 -3889.129
-3881.099 -3907.468 -3860.68 -3930.26 -3841.238
-3833.757 -3823.658 -3802.967 -3906.504 -3816.366
-3962.924 -4077.3 -4152.844 -3886.525 -3866.035
-3910.211 -4106.447 -4218.569 -4290.894 -4327.691
-4348.039 -4355.211 -4324.494 -4333.396 -4350.336
-4339.085 -4344.308 -4355.286 -4327.827 -4330.911
-4332.964 -4346.055 -4309.214 -4300.862 -4257.204
-4249.672 -4246.263 -4212.381 -4206.860 -3995.745
-3871.374 -3918.139 -3858.301 -3838.899 -3903.297
-3931.41 -3972.699 -3902.6 -3887.418 -3779.435
-3878.868 -4137.604 -4098.143 -4094.047 -3985.334
-4104.425 -3960.669 -3973.121 -4025.715 -4183.587
-4183.916 -4036.171 -4129.489 -4055.45 -4100.506
-4151.435 -4123.874 -3911.862 -3626.935 -3693.050
-4030.834 -3919.573 -3875.359 -3974.582 -4001.957
-3943.203 -3991.209 -3929.719 -4023.386 -4127.293
-4197.785 -4239.070 -4220.170 -4238.478 -4283.907
-4294.684 -4332.57 -4334.44 -4336.827 -4300.197
-4326.878 -4315.151 -4287.802 -4286.086 -4339.245
-4317.731 -4338.902 -4339.949 -4330.094 -4314.858
-4311.943 -4303.956 -4315.192 -4245.782 -4249.256
-4298.775 -4285.455 -4190.866 -4174.963 -4204.542
-4117.838 -4237.897 -4210.532 -4104.67 -4097.621
-4222.349 -4239.564 -4210.77 -4087.371 -3867.355
-3739.554 -3775.705 -3785.855 -3764.197 -3744.179
-3907.787 -3805.139 -3908.509 -3808.381 -3914.497
-3976.519 -4040.363 -4060.792 -4300.289 -4295.343
-4201.275 -4246.979 -4267.631 -4183.982 -4206.771
-4232.329 -4144.644 -4078.409 -4097.877 -4152.44
-3966.599 -4113.964 -3958.221 -3670.687 -3633.227
-3638.893 -3348.496 -3593.352 -3817.615 -3896.389
-3938.431 -4080.573 -4025.891 -4124.831 -4095.689
-3986.836 -4185.428 -4206.834 -4059.184 -4056.877
-3879.649 -3970.23 -3943.33 -4004.389 -3898.884
-3920.674 -3925.002 -3889.302 -3756.571 -3883.332
-3795.376 -3786.026 -3788.65 -3866.638 -3803.633
-3881.119 -4064.076 -3974.324 -3840.855 -4062.1
-4140.244 -4162.219 -4104.823 -4093.303 -4128.806
-4028.979 -4003.499 -4063.738 -4068.752 -4153.554
-4068.733 -3945.93 -3862.925 -3787.826 -3896.309
-3722.621 -3805.777 -3669.485 -3972.585 -4048.27
-4105.394 -4028.754 -4178.132 -4002.448 -4079.771
-3913.474 -4004.389 -4067.74 -3990.775 -4062.573
-4002.05 -3851.346 -3738.859 -3694.947 -3610.445
-3686.112 -3673.994 -3775.730 -3600.541 -3566.319
-3265.934 -3255.684 -3364.482 -3391.359 -3468.95
-3331.047 -3661.559 -3553.035 -3571 -3525.58
-3536.73 -3576.377 -3549.851 -3858.79 -3838.884
-3881.439 -3731.500 -3566.956 -3745.208 -3708.769
-3813.249 -3729.332 -3719.211 -3693.797 -3766.161
-3703.841 -3633.224 -3433.912 -3348.098 -3393.547
-3646.982 -3600.582 -3665.899 -3950.788 -4040.818
-4023.598 -3773.831 -3910.617 -3907.827 -3866.635
-3745.196 -3897.419 -3954.387 -3933.032 -3912.513
-3678.018 -3719.340 -3676.799 -3583.286 -3660.307
-3651.845 -3372.732 -3546.121 -3508.902 -3784.707
-3710.652 -3720.726 -3852.864 -3859.182 -3889.893
-3814.149 -4078.919 -3982.775 -3928.402 -3876.931
-3843.705 -3779.828 -3860.962 -4002.479 -3960.395
-3821.523 -3888.75 -3660.174 -3834.705 -3811.523
-3773.754 -3533.65 -3651.988 -3816.521 -3500.333
-3856.877 -3907.277 -4100.122 -4068.436 -4151.814
-4017.525 -4024.807 -3992.563 -4027.494 -4119.654
-3989.612 -4051.086 -3927.19 -3850.489 -4001.34
-3998.452 -4101.132 -4085.341 -3915.405 -4023.481
-3933.848 -3853.996 -3877.964 -4072.468 -4107.921
-4071.855 -4120.763 -4097.729 -4160.478 -4171.919
-4197.794 -4140.273 -4104.002 -4104.133 -4126.249
-4134.426 -3978.228 -3916.976 -3991.338 -4093.288
-4104.58 -4098.902 -3984.943 -3649.039 -3838.026
-3663.052 -3639.151 -3578.571 -3751.074 -3843.05
-3706.254 -3706.615 -3708.119 -3644.878 -3510.128
-3403.518 -3473.128 -3526.410 -3451.788 -3693.452
-3851.588 -3639.61 -3735.303 -3772.159 -3775.295
-3836.543 -3828.095 -3862.388 -3859.351 -3744.503
-3775.363 -3734.409 -3663.770 -3774.041 -3865.623
-3908.714 -3931.368 -4027.283 -3739.095 -3618.879
-3650.115 -3776.481 -3932.124 -3661.679 -3739.351
-4018.142 -3885.726 -3797.161 -3644.327 -3747.078
-3764.569 -3839.454 -3893.557 -3917.140 -4102.877
-4126.114 -4111.915 -4061.388 -4116.071 -4178.461
-4161.055 -3997.638 -3988.198 -4114.781 -4003.228
-3859.177 -3880.699 -3903.098 -3836.096 -3958.704
-3870.850 -3837.874 -3695.117 -3779.653 -4040.783
-4005.798 -4035.476 -4036.832 -4127.690 -4033.425
-3773.313 -4085.013 -4079.096 -4089.199 -4058.696
-4144.738 -4148.859 -4233.613 -4259.688 -4246.191
-4269.463 -4260.563 -4262.443 -4284.49 -4253.254
-4259.657 -4220.887 -4142.698 -4134.971 -3683.007
-3771.558 -3723.678 -3795.342 -3932.852 -4128.351
-3775.547 -3708.988 -3736.528 -3737.370 -3869.186
-3998.811 -3779.752 -4026.82 -4096.358 -4140.105
-4210.311 -4198.552 -4119.084 -4058.237 -4083.049
-4005.126 -3943.97 -3952.055 -3595.606 -3865.092
-3646.609 -3682.4 -3913.696 -3819.407 -3744.944
-3493.302 -3488.944 -3691.137 -3663.155 -3859.892
-4092.799 -4003.761 -3913.406 -4087.589 -4103.822
-4146.785 -4156.527 -4199.988 -4140.550 -4022.233
-3856.812 -3987.155 -4026.065 -3958.697 -3705.708
-3763.099 -3601.577 -3491.384 -3463.146 -3508.203
-3927.263 -4019.936 -3818.925 -3753.387 -3725.382
-3690.939 -3540.706 -3473.869 -4021.644 -3826.148
-3854.199 -3866.185 -3529.591 -3522.348 -3452.478
-3394.164 -3628.432 -3756.943 -3993.913 -3947.626
-4025.825 -4163.399 -4177.715 -4115.336 -4008.98
-3939.672 -3987.917 -4023.164 -3937.032 -3907.015
-4032.851 -3999.195 -3993.708 -4091.630 -4068.615
-4228.468 -4233.497 -4199.503 -4205.735 -4134.814
-4244.228 -4250.491 -4275.568 -4281.069 -4277.94
-4299.871 -4299.12 -4311.331 -4313.125 -4312.074
-4307.63 -4324.333 -4312.345 -4311.564 -4316.432
-4319.943 -4323.764 -4318.048 -4322.333 -4320.953
-4318.718 -4320.442 -4319.28 -4311.635 -4288.495
-4292.014 -4270.017 -4270.603 -4276.1 -4251.281
-4244.382 -4277.687 -4274.296 -4281.937 -4257.445
-4259.157 -4285.945 -4283.901 -4257.349 -4258.978
-4103.922 -4087.904 -4218.287 -4241.42 -4185.585
-4218.266 -4193.473 -4177.97 -4075.526 -4043.279
-4081.252 -4208.198 -4071.434 -4132.212 -4247.977
-4254.63 -4265.104 -4267.683 -4264.45 -4268.34
-4214.452 -4201.746 -4211.697 -4241.585 -4216.359
-4220.956 -4219.519 -4236.827 -4147.841 -4100.171
-4108.798 -4015.484 -4107.521 -4057.713 -4106.329
-4118.383 -3956.526 -3749.296 -3749.507 -3781.068
-3785.4 -3762.632 -3758.823 -3862.639 -3720.093
-3896.932 -3655.323 -3975.345 -4005.731 -3863.622
-4055.245 -4133.961 -4126.196 -4105.517 -3815.644
-3680.251 -3718.916 -3842.214 -3842.936 -3597.747
-3504.16 -3482.887 -3537.974 -3617.938 -3849.519
-3940.356 -4026.488 -4080.095 -4182.875 -4170.471
-4002.112 -3794.423 -3532.721 -3673.38 -3513.503
-3465.596 -3523.138 -3677.335 -3619.936 -3791.402
-3882.214 -3800.897 -3873.982 -3903.823 -4072.359
-4025.912 -4161.311 -4247.147 -4294.81 -4302.943
-4313.248 -4314.44 -4318.601 -4309.334 -4308.432
-4313.969 -4298.170 -4289.39 -4254.746 -4196.196
-4278.483 -4278.597 -4283.286 -4282.482 -4283.189
-4284.774 -4286.505 -4318.316 -4323.854 -4313.703
-4322.212 -4309.802 -4299.999 -4284.265 -4257.188
-4122.777 -4092.036 -3798.895 -3808.526 -3868.173
-4014.097 -3964.846 -4032.464 -4256.843 -4238.393
-4219.383 -4179.971 -4198.15 -4184.669 -4152.597
-4128.66 -4057.893 -3894.384 -3853.277 -3756.479
-3887.501 -3873.532 -3926.485 -4037.067 -4074.046
-4215.268 -4235.279 -4221.12 -4227.941 -4233.005
-4236.22 -4236.693 -4236.701 -4241.383 -4243.028
-4238.131 -4196.362 -4253.467 -4254.163 -4258.931
-4246.858 -4218.384 -4232.442 -4226.428 -4190.238
-4188.893 -4273.151 -4276.977 -4250.001 -4206.668
-4150.443 -4151.486 -4122.486 -4155.691 -4237.31
-4293.932 -4301.898 -4315.592 -4301.787 -4314.947
-4308.431 -4293.934 -4297.858 -4288.691 -4284.436
-4284.974 -4251.734 -4238.808 -4229.196 -4130.362
-4124.968 -4149.733 -4197.523 -4186.993 -4119.704
-4197.239 -4104.527 -4001.458 -4103.353 -4168.957
-4117.574 -4139.539 -4156.969 -4036.986 -4003.998
-3970.313 -4059.72 -3990.63 -4004.642 -4160.453
-3999.512 -4025.279 -4102.888 -4051.811 -4190.425
-4190.581 -4153.406 -4154.247 -4089.706 -4070.391
-4106.127 -3929.482 -3652.927 -3601.227 -3816.153
-3834.807 -3465.421 -3648.830 -3703.828 -3681.807
-3874.909 -3957.392 -3709.214 -3907.007 -3971.276
-4041.922 -4117.508 -4182.397 -4194.409 -4049.656
-3875.565 -3863.882 -3940.211 -3893.699 -3851.957
-3924.491 -3857.875 -3809.065 -3775.912 -3733.244
-3651.779 -3577.175 -3737.651 -3618.419 -3750.665
-3867.093 -3576.335 -3736.777 -3834.453 -3915.679
-3835.206 -3733.977 -3706.177 -3745.072 -3657.207
-3779.72 -3785.295 -3807.894 -3691.517 -3707.138
-4006.732 -3925.299 -3718.349 -3718.349 -3688.302
-3802.881 -3734.691 -3576.461 -3571.235 -3642.282
-3615.185 -3573.330 -3837.859 -3924.410 -3658.087
-3835.162 -3770.587 -3735.229 -3878.355 -3674.148
-3784.375 -3622.449 -3669.646 -3669.338 -3564.942
-3439.589 -3511.193 -3742.247 -3822.432 -3931.9
-3776.974 -3900.041 -3528.374 -3586.251 -2881.627
-3127.883 -3285.551 -3475.197 -3283.302 -3459.211
-3642.818 -3511.284 -3830.591 -4097.225 -3986.631
-3918.147 -4024.576 -3894.943 -3612.625 -3669.801
-3638.52 -3615.157 -3543.657 -3631.619 -3517.429
-3777.727 -3743.845 -3746.813 -3737.585 -3750.878
-3924.257 -3946.195 -3818.542 -3760.59 -3672.846
-3833.788 -3610.514 -3793.626 -3589.151 -3589.335
-3958.46 -3663.357 -3650.889 -3720.061 -3810.758
-3904.664 -4038.216 -3603.583 -3603.946 -3675.835
-3758.457 -3829.693 -3672.59 -3561.443 -3955.616
-3942.498 -4184.965 -4106.241 -4090.856 -3991.685
-3876.273 -4002.501 -3963.274 -4109.188 -4142.132
-4217.257 -4225.405 -4243.001 -4255.64 -4246.409
-4167.558 -4132.374 -3961.507 -4094.873 -4145.831
-4047.154 -3934.412 -4098.432 -4058.186 -4065.626
-4135.85 -4212.858 -4001.727 -3911.094 -3897.646
-3935.701 -3678.372 -3650.962 -3853.985 -4099.481
-3672.664 -4055.305 -3733.288 -3754.042 -3634.034
-3800.098 -3883.315 -4003.255 -4115.328 -4049.29
-4053.964 -3802.499 -3777.194 -3858.649 -3916.531
-3895.053 -3609.622 -3639.882 -3524.253 -3547.825
-3661.644 -3897.596 -3643.5 -3690.566 -3717.632
-3906.893 -3608.995 -3515.105 -3632.872 -3838.229
-3750.369 -3778.150 -3884.512 -3732.592 -3849.047
-4023.183 -4117.033 -4038.295 -3513.673 -3334.948
-3584.741 -3951.538 -3829.533 -3437.367 -3254.969
-3438.865 -3614.889 -3871.054 -3712.969 -3570.922
-3730.76 -3639.407 -3659.975 -3632.061 -3681.003
-3829.75 -3733.881 -3804.742 -3642.974 -3637.685
-3786.683 -3844.041 -3903.231 -3897.91 -3853.174
-3700.949 -3719.509 -3931.419 -4083.787 -4062.512
-4057.022 -4110.784 -4132.702 -4165.877 -4163.402
-4231.89 -4277.861 -4284.558 -4269.709 -4245.93
-4183.249 -4155.313 -4053.794 -3984.97 -3669.23
-3857.440 -3936.952 -3920.671 -3899.788 -3888.587
-3885.446 -3916.810 -3751.694 -3682.428 -4031.658
-3891.758 -3927.537 -4046.358 -4023.452 -4089.569
-4088 -3969.075 -3907.926 -3970.305 -4095.192
-4028.75 -3985.543 -3671.762 -3554.54 -3588.787
-3689.631 -3626.59 -3828.784 -3775.866 -3417.508
-3417.508 -2949.048 -2968.144 -3455.319 -3356.744
-3566.615 -3273.747 -3848.744 -3858.899 -3899.642
-3826.213 -3839.024 -3782.640 -3581.835 -3543.542
-3570.627 -3795.217 -3649.033 -3675.092 -3562.866
-3479.801 -3716.110 -3970.603 -3980.047 -4045.152
-4088.929 -4052.085 -3840.678 -3995.101 -4126.105
-4093.196 -4110.62 -4162.68 -4159.488 -4087.259
-3967.07 -3978.357 -3968.958 -4005.998 -3977.704
-3811.961 -3984.654 -3891.609 -3989.526 -3707.231
-3455.267 -3213.409 -3205.343 -3390.421 -3330.662
-3368.591 -3571.117 -3749.675 -3755.628 -3822.273
-3833.528 -4007.008 -3973.654 -4035.503 -3950.048
-4026.002 -4024.095 -4044.808 -4093.419 -4133.728
-4228.259 -4214.107 -4134.864 -4105.476 -3998.702
-4155.569 -4152.025 -4174.706 -4171.867 -4077.642
-4067.424 -4031.962 -3950.016 -3934.42 -3881.992
-3806.743 -3820.860 -3828.9 -3873.922 -3688.258
-3859.086 -3723.289 -3614.942 -3804.99 -4026.685
-3989.537 -4107.399 -4031.191 -4152.682 -4145.774
-4043.725 -4022.192 -4054.075 -4024.325 -4058.176
-4011.833 -3881.446 -3833.915 -3912.979 -3849.301
-3852.655 -3635.921 -3689.638 -3573.062 -3718.223
-3541.213 -3624.527 -3632.426 -3500.915 -3734.481
-3634.554 -3580.917 -3860.271 -4157.816 -4107.76
-4102.642 -4005.069 -4152.773 -4060.023 -4166.565
-4170.993 -3940.828 -3552.437 -3952.437 -4073.268
-3940.236 -3890.462 -3769.271 -3812.313 -3690.205
-3708.167 -3979.730 -3851.768 -3684.825 -3798.066
-3656.797 -3621.009 -3768.758 -3662.106 -3447.755
-3718.179 -3504.528 -3592.533 -3339.99 -3501.94
-3575.872 -3637.034 -3444.867 -3456.476 -3565.534
-3715.754 -3795.044 -3729.934 -3562.980 -3419.794
-3373.787 -3723.811 -4022.846 -3988.084 -3852.540
-3851.726 -3779.141 -3876.199 -3661.632 -3579.103
-3533.297 -3608.322 -3666.19 -3738.595 -3690.785
-3615.629 -3517.672 -3612.901 -3748.636 -3791.155
-3858.753 -3896.943 -3747.130 -3649.859 -3638.093
-3590.686 -3549.212 -3614.433 -3671.880 -3735.122
-3742.741 -3898.55 -3895.433 -3903.364 -3845.320
-3828.063 -3662.678 -3668.45 -3671.266 -3725.292
-3685.242 -3735.655 -3878.109 -3785.337 -3925.638
-3651.856 -3810.896 -3659.094 -3657.376 -3784.302
-3944.103 -3844.894 -3803.074 -3800.624 -3750.418
-3717.928 -3876.554 -3924.231 -3948.585 -3918.093
-3869.335 -3811.105 -3871.322 -3874.980 -3689.754
-3535.103 -3540.675 -3532.523 -3608.874 -3602.916
-3560.198 -3565.353 -4093.959 -4079.076 -4056.015
-4096.278 -4112.858 -4150.102 -3898.626 -3906.49
-3712.831 -3672.209 -3734.402 -3971.562 -3793.856
-3705.105 -4076.712 -4166.213 -4143.128 -4122.259
-3927.571 -3823.217 -3666.429 -3791.7 -3631.058
-3490.807 -3289.978 -3699.027 -3472.108 -3774.841
-3826.293 -3943.247 -3962.729 -4019.6 -3985.928
-3936.770 -3920.698 -4035.382 -4072.395 -4106.475
-4119.407 -4269.298 -4297.169 -4297.195 -4290.966
-4224.420 -4172.093 -4135.877 -4036.578 -3913.116
-3771.186 -3746.326 -3939.473 -3997.762 -3983.873
-4020.984 -3905.997 -4116.517 -4026.717 -3956.251
-3876.953 -3729.712 -3705.994 -3695.708 -3723.275
-3607.248 -3531.967 -3357.48 -3346.568 -3812.145
-3809.122 -3802.155 -3816.512 -3659.845 -3760.051
-3939.453 -4013.362 -3843.306 -3976.835 -4078.551
-4129.164 -4083.544 -4171.359 -4212.442 -4184.519
-4094.999 -3755.968 -3710.979 -3520.475 -3745.564
-3571.122 -3770.764 -3613.421 -3740.613 -3711.215
-3802.49 -3852.077 -3883.967 -3704.812 -3758.095
-3831.558 -3612.296 -3691.904 -3644.968 -3677.844
-3483.111 -3441.515 -3521.099 -3586.295 -3658.109
-3716.968 -3669.511 -3799.998 -3799.834 -3809.015
-3680.778 -3615.655 -3588.529 -3776.443 -3746.119
-3792.507 -3752.144 -3689.39 -3829.935 -3934.053
-3794.758 -3846.57 -3770.795 -3968.081 -3648.947
-3679.866 -3817.479 -3860.924 -3790.557 -3763.376
-3568.683 -3724.64 -3707.464 -3642.298 -3834.086
-3942.668 -4124.827 -4172.634 -4187.596 -4207.68
-4200.606 -4167.025 -4086.907 -3751.079 -3610.574
-3882.38 -3791.782 -3868.564 -3854.051 -3865.548
-3827.395 -4097.288 -3909.21 -3948.623 -3857.691
-3742.778 -3992.115 -4195.579 -4137.205 -4124.759
-4166.239 -4043.783 -3861.117 -3760.686 -4030.041
-4053.897 -4116.327 -4105.387 -4012.897 -3815.496
-3664.867 -3382.364 -3695.2 -3826.3 -3984.523
-4006.901 -4044.732 -3864.362 -3476.59 -3621.652
-3740.936 -3939.328 -3921.78 -3719.154 -3457.887
-3398.579 -3398.579 -3536.319 -3578.733 -3606.828
-3717.235 -3745.378 -3691.253 -3683.445 -3766.245
-3812.279 -3761.124 -3519.162 -3898.585 -4059.521
-4033.736 -4087.860 -3913.614 -3847.765 -3884.794
-3869.728 -3826.947 -3883.848 -4012.059 -4007.15
-4090.487 -3984.171 -4146.072 -4082.419 -4070.843
-3912.197 -3851.342 -3850.27 -3720.588 -3645.199
-3768.317 -3716.706 -3617.842 -3666.287 -3643.570
-3728.205 -3634.798 -3520.298 -3704.474 -3719.58
-3791.414 -3938.677 -3802.093 -4002.943 -4000.170
-3777.061 -3730.51 -3834.795 -3771.305 -3810.053
-3847.377 -4028.269 -4150.613 -4139.91 -4161.701
-4198.798 -4111.031 -4121.503 -4134.186 -4035.372
-3980.041 -4046.332 -4000.457 -4125.121 -4114.775
-4146.255 -4092.601 -4054.069 -3763.342 -3792.472
-4046.839 -3986.301 -3992.473 -4212.659 -4242.712
-4190.959 -4131.556 -4092.721 -4030.71 -4032.587
-3998.554 -4201.307 -4214.863 -4259.369 -4234.197
-4233.246 -4206.224 -4219.921 -4224.23 -4234.674
-4248.68 -4253.729 -4256.46 -4251.211 -4311.733
-4293.836 -4275.232 -4287.628 -4271.183 -4225.669
-4230.714 -4233.116 -4257.812 -4284.916 -4274.218
-4267.818 -4285.677 -4260.529 -4266.028 -4237.023
-4287.143 -4282.526 -4302.896 -4319.214 -4299.499
-4293.058 -4292.000 -4274.5 -4260.777 -4245.99
-4246.463 -4274.599 -4256.968 -4257.049 -4273.445
-4275.818 -4285.326 -4284.746 -4276.535 -4259.937
-4289.557 -4283.841 -4303.895 -4307.062 -4311.074
-4311.79 -4325.672 -4316.977 -4323.635 -4322.976
-4322.482 -4319.624 -4322.631 -4330.428 -4328.574
-4327.733 -4330.18 -4329.655 -4314.199 -4316.835
-4318.389 -4316.54 -4318.529 -4329.848 -4331.777
-4323.647 -4320.057 -4328.43 -4329.255 -4327.729
-4325.782 -4323.109 -4329.009 -4331.854 -4330.299
-4328.134 -4330.989 -4331.359 -4318.202 -4305.946
-4301.637 -4292.907 -4248.793 -4207.41 -4108.829
-4046.805 -4051.501 -4015.311 -3807.935 -3767.801
-3742.100 -3671.904 -3579.642 -3833.749 -3771.546
-3914.129 -3546.967 -3777.384 -3726.615 -3925.191
-3861.211 -4034.736 -3599.736 -3953.247 -4065.28
-4078.689 -3986.744 -3657.171 -3818.684 -3793.578
-3785.138 -3797.681 -3681.279 -3705.426 -3881.057
-3717.092 -3840.84 -3744.351 -3887.809 -3842.027
-3967.605 -3857.923 -3591.152 -3540.244 -3491.022
-3563.771 -3735.019 -3933.893 -3952.307 -3962.641
-3551.359 -3935.332 -3825.996 -3731.003 -3885.612
-3765.398 -3737.172 -3778.041 -3509.579 -3795.935
-3809.963 -3722.32 -3685.216 -3824.751 -4071.514
-4056.2 -4034.213 -3824.448 -3946.883 -3885.603
-3821.933 -3644.637 -3625.595 -3702.766 -3849.630
-3891.629 -3962.857 -3836.9 -3997.544 -3936.316
-4022.398 -3934.3 -3761.797 -4019.984 -4075.709
-3904.799 -3857.593 -3711.57 -3717.736 -3536.68
-3774.086 -3687.577 -3959.165 -4052.315 -3952.797
-3864.572 -3954.255 -3699.279 -3699.279 -3661.720
-3597.314 -3688.637 -3628.803 -3768.735 -3748.525
-3760.294 -3779.276 -3794.651 -3680.632 -3777.367
-3849.954 -3928.016 -4013.614 -4080.195 -4056.597
-3945.162 -3988.114 -4054.597 -4080.387 -4011.7
-3939.227 -3836.197 -3760.384 -3809.724 -3782.484
-3737.98 -3996.097 -4064.921 -3917.138 -3969.087
-3941.278 -3954.684 -3869.566 -3889.237 -3888.92
-4002.322 -4089.092 -4122.951 -4171.342 -4089.863
-4046.422 -4141.248 -4109.485 -4101.238 -4028.277
-4095.917 -4133.444 -4168.98 -4221.13 -4221.575
-4156.573 -4257.942 -4260.697 -4257.858 -4256.278
-4197.775 -4227.558 -4116.186 -4082.785 -4131.434
-4122.775 -4174.001 -4195.49 -4216.18 -4148.647
-4012.278 -4039.459 -3999.433 -4203.049 -4179.128
-4129.952 -4043.56 -4087.686 -4084.837 -3924.415
-3997.244 -4055.841 -3939.789 -3671.539 -3820.819
-3883.070 -3935.248 -4020.337 -3870.81 -4058.717
-4093.444 -4033.591 -4068.323 -4104.134 -4009.758
-4109.747 -4125.047 -4018.088 -3773.244 -3652.158
-3505.100 -3538.019 -3416.687 -3718.51 -3495.375
-3536.573 -3691.309 -3565.48 -3592.498 -3699.466
-4000.373 -4032.434 -4130.668 -4169.85 -4146.569
-4137.651 -4167.668 -4158.337 -4191.321 -4100.184
-4062.569 -3956.774 -3903.744 -3757.186 -3874.237
-3823.457 -3596.209 -3682.583 -3741.296 -3650.275
-3828.771 -3652.472 -3561.029 -3820.881 -3959.684
-3829.217 -3784.485 -3723.047 -3780.19 -3852.697
-3580.638 -3775.974 -3631.049 -3648.309 -3624.177
-3660.359 -3731.317 -3625.061 -3572.204 -3640.476
-3871.987 -3903.394 -3881.864 -3973.571 -3953.270
-3825.264 -3757.861 -3881.654 -3990.919 -4013.727
-3897.008 -3978.754 -4128.638 -4142.13 -4247.641
-4278.422 -4305.194 -4302.99 -4305.984 -4292.091
-4290.279 -4312 -4304.799 -4297.987 -4307.916
-4317.969 -4324.56 -4323.474 -4325.801 -4323.157
-4323.101 -4328.398 -4328.884 -4324.341 -4318.962
-4322.892 -4326.994 -4325.21 -4328.676 -4328.894
-4332.942 -4332.754 -4333.682 -4335.207 -4308.221
-4273.378 -4288.394 -4256.666 -4144.621 -4172.061
-3893.556 -3778.258 -3662.368 -3829.124 -3784.086
-3778.094 -3611.000 -3672.793 -3558.405 -3618.806
-3676.385 -3640.57 -3838.431 -3842.725 -3768.123
-3610.024 -3877.472 -3856.743 -3781.185 -3574.623
-3865.413 -3662.335 -3962.407 -3919.048 -3842.175
-3948.891 -4007.787 -3903.338 -4032.116 -3955.452
-4054.213 -4080.382 -4177.641 -4225.92 -4220.707
-4233.892 -4232.227 -4235.592 -4281.823 -4305.873
-4290.023 -4261.165 -4186.2 -4210.408 -4268.554
-4174.785 -4222.522 -4188.511 -4139.143 -4127.214
-4069.436 -4160.705 -4150.255 -4221.359 -4234.387
-4219.392 -4180.911 -4121.802 -4055.243 -3915.864
-3898.281 -3962.337 -3928.227 -3772.560 -3732.783
-3750.541 -3859.423 -3991.65 -3944.96 -3768.519
-3835.027 -3939.855 -3713.924 -3628.051 -3746.817
-3748.471 -3695.115 -3800.427 -3695.821 -3648.392
-3400.864 -3520.325 -3652.964 -3751.195 -3764.174
-3754.11 -3758.092 -3754.537 -4015.552 -3694.962
-3889.824 -3927.157 -4021.773 -4137.636 -4119.292
-3827.269 -4075.234 -4036.919 -3963.167 -4043.598
-3980.939 -3982.644 -3710.166 -3968.374 -3921.418
-3807.497 -3867.871 -4042.758 -3998.08 -3915.52
-3815.207 -3632.155 -3811.29 -3927.611 -3895.169
-3706.645 -4053.297 -4027.683 -3966.565 -4010.008
-3862.727 -3801.606 -3785.441 -3663.118 -3761.711
-3771.983 -3818.109 -3957.644 -4007.825 -4142.913
-4144.753 -4089.508 -4014.952 -3886.538 -3973.941
-4000.710 -4058.067 -3995.46 -3990.155 -3912.67
-3679.546 -3949.506 -4007.415 -3870.807 -3566.991
-3534.434 -3440.078 -3403.709 -3735.839 -3844.968
-3845.635 -3716.509 -3452.164 -3461.606 -3506.553
-3884.732 -4093.062 -4203.966 -4207.027 -4207.333
-4196.561 -4113.029 -4139.976 -4019.543 -4136.184
-4148.703 -4158.694 -4082.647 -4098.586 -3855.771
-3848.611 -4144.099 -4113.885 -4142.125 -3978.347
-4018.946 -4185.09 -4221.222 -4224.205 -4276.708
-4260.107 -4259.413 -4248.557 -4284.428 -4274.88
-4297.715 -4308.307 -4309.697 -4316.026 -4288.602
-4255.751 -4214.058 -4215.482 -4083.849 -4041.656
-3916.033 -3886.347 -3845.871 -3756.856 -3761.184
-3697.186 -3690.045 -3617.358 -3816.214 -3829.727
-3858.78 -3903.692 -3987.257 -4143.33 -4163.911
-4074.617 -4064.469 -4032.903 -3894.442 -3975.024
-3958.987 -4023.031 -3916.802 -3860.463 -3770.983
-3821.927 -4109.392 -4067.76 -4110.397 -4066.158
-4092.251 -4160.338 -4187.172 -4139.714 -4059.468
-3988.178 -3862.415 -3849.498 -3869.564 -3945.572
-3977.385 -4023.016 -4062.199 -4104.915 -4139.592
-3801.816 -3789.757 -3761.436 -3512.149 -3481.951
-3804.054 -3781.461 -3686.639 -3535.768 -3863.766
-3674.477 -3777.836 -3631.068 -3635.248 -3794.751
-3764.5 -3842.735 -3954.834 -4055.579 -3973.246
-3938.735 -3846.567 -3889.037 -4015.729 -3872.291
-3847.843 -3884.598 -3747.789 -3519.315 -3229.832
-3545.077 -3588.341 -3982.032 -4025.83 -3904.199
-3849.678 -3870.218 -3916.485 -3865.15 -3664.553
-3853.405 -3969.087 -3883.982 -3890.480 -3586.772
-3424.671 -3821.963 -3908.937 -4058.674 -3867.572
-3920.8 -4070.813 -3741.754 -3618.124 -3549.655
-3587.986 -3447.524 -3558.586 -3699.49 -4030.766
-3802.025 -3754.535 -3905.533 -3817.045 -3712.211
-3651.716 -3607.577 -3676.791 -3955.300 -3810.549
-3796.209 -3917.948 -3983.881 -3954 -4137.278
-4163.303 -4217.231 -4220.086 -4221.534 -4237.56
-4246.681 -4182.393 -4167.408 -4136.858 -4189.695
-4210.98 -4253.467 -4258.281 -4280.68 -4284.661
-4274.247 -4247.695 -4212.593 -4184.482 -4126.773
-4098.118 -4070.318 -3962.107 -3987.826 -3970.092
-4009.192 -4008.364 -3835.224 -3933.204 -4091.08
-4243.138 -4215.633 -4207.616 -4139.36 -4190.841
-4139.628 -4198.377 -4018.964 -3960.31 -3799.608
-4044.408 -3807.548 -3893.797 -4001.192 -4088.578
-4038.384 -3768.452 -3980.615 -4070.638 -4045.647
-3935.870 -4075.565 -3905.865 -3957.467 -3868.147
-3759.092 -3744.991 -3638.2 -3767.729 -3837.994
-4013.696 -3820.192 -3849.151 -3836.879 -3958.147
-3831.306 -3877.286 -4005.967 -4072.824 -4000.153
-3960.005 -4085.282 -4096.089 -3902.812 -3583.252
-3486.112 -3444.306 -3419.123 -3404.202 -3466.456
-3440.081 -3394.832 -3416.197 -3413.369 -3366.651
-3451.348 -3442.763 -3742.061 -3926.743 -3758.562
-3884.394 -3855.417 -3916.173 -3907.428 -3685.746
-3764.074 -3849.753 -3895.088 -3907.375 -4041.281
-3959.289 -3949.337 -3962.204 -3817.214 -3921.343
-3659.766 -3827.482 -3588.509 -3686.074 -3770.655
-3980.403 -4006.713 -3996.118 -4050.022 -3724.733
-3759.144 -3798.937 -3593.395 -3634.608 -3504.809
-3625.744 -3793.307 -3579.006 -3710.844 -3724.359
-3724.613 -3801.616 -3856.924 -3919.859 -4068.642
-4114.991 -4117.718 -4111.709 -4061.326 -3977.354
-3835.671 -3891.365 -3990.290 -3787.617 -3710.754
-3997.344 -3997.317 -4012.507 -3924.936 -3877.797
-3787.042 -3872.621 -3880.547 -3873.01 -3826.768
-3812.692 -3894.833 -3856.657 -3758.598 -3769.751
-3745.779 -3749.278 -3805.273 -3854.055 -3674.655
-3673.333 -3770.096 -3599.056 -3620.87 -3738.431
-3897.675 -3715.986 -3873.642 -3665.882 -3785.815
-3915.098 -3746.214 -3711.355 -3782.952 -3594.159
-3566.798 -3620.461 -3694.169 -3820.556 -4079.511
-4004.854 -3902.766 -3695.039 -3624.758 -3678.633
-3809.096 -4092.636 -4123.64 -3957.427 -3988.612
-3533.606 -3461.267 -3186.146 -3403.299 -3468.736
-3767.481 -3929.992 -3914.528 -3821.265 -3873.155
-4095.525 -3983.351 -3790.684 -3751.039 -3979.161
-3871.087 -3939.37 -3930.382 -3932.057 -3949.179
-3864.741 -3760.299 -3560.590 -3607.095 -3715.788
-3735.963 -3733.197 -3819.651 -3701.902 -3682.502
-3938.695 -3848.898 -3865.393 -3757.064 -3841.394
-3654.455 -3766.325 -3870.873 -3911.029 -3857.512
-3627.078 -3915.987 -3819.691 -3629.350 -3681.613
-3809.39 -3993.997 -4037.832 -4015.06 -3811.053
-3647.74 -3720.403 -3553.216 -3531.402 -3477.72
-3396.031 -3604.201 -3572.164 -3703.31 -3701.987
-3699.353 -3665.566 -3612.704 -3690.397 -3927.831
-4006.173 -4032.55 -4140.626 -4057.404 -4072.11
-4152.987 -4139.257 -4137.386 -4109.243 -4054.125
-4046.568 -4120.101 -4209.424 -4234.156 -4206.658
-4108.235 -3964.081 -4008.273 -4144.484 -4173.305
-4222.013 -4214.968 -4203.906 -4061.085 -4158.089
-4057.283 -4225.481 -4253.17 -4233.231 -4223.666
-4208.836 -4200.094 -4200.639 -4188.534 -4105.666
-4132.39 -4114.033 -3911.145 -3943.454 -3912.828
-4014.959 -4066.116 -4208.907 -4199.867 -4189.435
-4180.687 -4167.781 -4232.999 -4233.048 -4240.772
-4294.582 -4259.774 -4273.502 -4288.39 -4275.95
-4245.661 -4249.487 -4199.081 -4158.386 -4130.661
-4154.031 -4155.184 -4278.401 -4252.912 -4276.791
-4273.337 -4281.577 -4291.619 -4277.633 -4288.86
-4298.023 -4300.898 -4303.4 -4304.695 -4310.977
-4311.219 -4313.311 -4321.671 -4317.957 -4310.308
-4301.747 -4286.845 -4297.446 -4287.398 -4270.721
-4232.069 -4292.916 -4288.284 -4283.489 -4298.105
-4292.659 -4283.884 -4294.869 -4285.521 -4213.32
-4198.166 -4117.326 -4189.352 -3915.239 -3914.23
-3863.236 -3818.648 -3835.058 -3750.363 -3522.754
-3609.942 -4001.183 -3790.359 -3749.22 -3667.157
-3844.098 -3759.210 -3799.97 -3964.148 -4031.754
-3890.348 -3981.997 -3784.734 -3878.962 -3677.925
-3955.189 -4024.161 -3961.506 -3802.331 -3593.197
-3503.291 -3514.609 -3588.299 -3574.554 -3569.087
-4162.191 -3994.038 -4067.187 -3761.959 -3959.33
-3699.069 -3729.531 -3512.878 -3680.992 -3785.499
-3717.860 -3918.044 -3887.765 -3819.736 -3952.415
-3969.545 -3754.732 -3783.687 -3709.761 -3870.111
-3921.868 -3855.564 -4098.205 -3909.26 -3676.659
-3722.595 -3690.673 -3821.298 -3902.534 -3998.654
-4026.590 -3955.099 -3946.936 -3933.65 -3998.767
-3898.139 -3885.309 -3719.656 -3756.067 -3548.684
-3696.883 -3768.107 -3977.196 -4033.793 -3746.688
-3619.168 -3838.609 -3942.44 -3993.391 -3942.127
-3979.108 -3983.110 -4059.791 -4040.186 -3861.587
-3818.158 -3928.358 -3815.759 -3608.384 -3525.84
-3423.929 -3572.893 -3580.183 -3916.344 -3705.977
-3537.676 -3423.763 -3555.218 -3582.031 -3897.072
-3733.8 -3924.849 -4061.779 -3964.41 -3992.367
-4086.142 -3978.277 -4145.906 -4171.725 -3940.514
-3931.359 -3819.166 -3776.07 -3962.625 -4039.306
-4013.283 -4044.132 -3973.894 -4071.022 -4069.694
-4147.376 -3937.192 -3933.28 -4054.645 -4092.744
-3870.328 -3945.954 -4304.187 -4313.282 -4314.087
-4302.65 -4304.098 -4296.933 -4317.154 -4315.49
-4306.94 -4317.87 -4301.615 -4324.128 -4323.836
-4325.501 -4327.874 -4328.33 -4322.923 -4309.296
-4301.821 -4288.941 -4297.976 -4315.951 -4311.575
-4303.895 -4298.603 -4264.376 -3964.789 -3707.08
-3767.596 -3680.661 -3564.335 -3712.289 -3592.147
-3693.137 -3547.382 -3529.399 -3708.353 -3495.313
-3559.432 -3486.96 -3884.494 -3582.829 -3386.514
-3426.485 -3668.556 -3899.207 -3743.25 -3944.125
-3805.831 -3885.446 -3889.226 -3989.484 -4005.061
-4015.198 -4317.274 -4324.337 -4327.049 -4324.838
-4319.734 -4323.701 -4322.632 -4326.255 -4325.891
-4325.099 -4318.586 -4312.142 -4313.271 -4309.542
-4292.441 -4278.619 -4228.19 -4164.612 -4223.522
-4261.564 -4239.336 -4232.951 -4224.687 -4258.58
-4265.897 -4277.374 -4278.496 -4242.858 -4288.079
-4275.656 -4283.434 -4297.485 -4285.721 -4306.726
-4306.485 -4292.042 -4290.422 -4272.941 -4253.726
-4270.612 -4288.417 -4292.062 -4286.486 -4218.117
-4251.613 -4250.300 -4308.273 -4300.081 -4298.76
-4307.038 -4264.887 -4258.980 -4258.136 -4242.958
-4216.928 -4097.903 -4101.32 -4287.581 -4298.003
-4297.479 -4297.118 -4299.904 -4300.915 -4328.383
-4327.453 -4328.66 -4332.376 -4330.876 -4333.793
-4330.912 -4330.576 -4333.429 -4338.15 -4335.389
-4332.579 -4336.213 -4335.559 -4336.37 -4322.106
-4319.743 -4319.609 -4336.232 -4332.419 -4333.224
-4330.916 -4330.988 -4329.833 -4330.194 -4328.218
-4329.609 -4330.07 -4332.782 -4330.413 -4321.352
-4323.416 -4331.572 -4311.851 -4320.185 -4335.417
-4334.985 -4333.001 -4333.346 -4335.405 -4325.419
-4318.219 -4321.453 -4324.646 -4291.936 -4283.851
-4303.161 -4308.693 -4313.425 -4319.224 -4314.839
-4292.291 -4262.208 -4222.625 -4249.183 -4165.736
-4110.169 -4064.053 -4153.887 -3962.458 -3986.818
-3989.253 -4048.762 -3986.986 -3936.804 -3731.009
-3726.256 -3906.307 -3701.414 -3866.782 -3965.984
-3900.603 -3793.278 -3863.907 -4082.653 -3915.259
-4117.036 -4094.119 -3908.598 -3908.988 -3910.411
-3902.134 -3930.584 -3974.877 -3887.396 -3798.872
-4075.318 -4000.928 -3974.85 -4044.732 -3835.362
-3818.904 -3679.656 -3775.939 -3771.706 -3651.862
-3664.524 -3559.15 -4022.18 -4171.954 -3969.363
-3533.309 -3525.523 -3559.705 -3521.502 -3638.78
-3492.223 -3594.587 -3602.015 -3530.523 -3450.626
-3579.339 -3758.011 -3505.535 -3501.738 -3650.956
-3671.820 -3739.818 -3806.293 -3810.188 -3826.889
-3876.221 -3817.574 -3976.061 -4004.888 -4083.455
-3971.797 -4021.648 -3947.347 -3888.159 -3924.748
-3996.467 -4154.581 -4213.222 -4226.106 -4279.264
-4281.683 -4300.86 -4312.312 -4306.544 -4292.1
-4274.288 -4244.986 -4267.46 -4267.14 -4293.218
-4296.487 -4277.187 -4267.425 -4289.7 -4288.514
-4282.233 -4283.936 -4286.489 -4307.681 -4309.852
-4325.6 -4324.384 -4322.911 -4325.2 -4323.639
-4325.817 -4329.635 -4331.694 -4328.823 -4329.448
-4315.044 -4314.65 -4307.515 -4318.227 -4322.672
-4310.219 -4307.437 -4320.7 -4321.73 -4310.888
-4305.43 -4297.238 -4305.781 -4306.770 -4289.835
-4290.192 -4235.454 -4274.689 -4166.752 -4113.853
-3964.423 -3985.472 -4056.101 -4022.975 -4056.673
-3996.263 -4161.069 -4081.71 -4089.418 -3791.43
-3924.225 -3843.649 -3624.407 -3663.727 -3861.056
-3786.833 -3736.161 -3624.975 -3426.178 -3919.547
-3704.827 -3946.595 -3709.222 -3517.16 -3567.295
-3677.948 -3702.946 -3755.008 -3816.873 -3609.715
-3617.704 -3555.334 -3547.418 -3604.528 -4009.227
-4027.997 -4007.388 -3967.353 -4109.651 -4087.367
-4090.555 -3895.965 -3742.497 -3665.499 -3764.106
-3624.973 -3635.948 -3591.243 -3444.683 -3505.747
-3527.293 -3435.974 -3415.091 -3581.715 -3647.775
-3666.303 -4021.342 -3901.724 -3898.999 -3916.975
-3951.163 -4134.461 -4227.615 -4188.014 -4161.29
-4192.903 -4061.062 -4009.159 -3788.518 -3696.535
-3832.642 -3889.265 -3676.885 -3662.515 -3489.907
-3774.987 -3542.635 -3354.735 -3579.181 -3557.933
-3546.957 -3730.486 -3619.44 -3698.725 -3633.645
-3622.885 -3788.884 -3504.500 -3412.999 -3834.217
-3836.049 -3882.964 -4124.616 -3951.68 -4000.976
-3936.395 -3908.015 -4148.865 -4111.779 -4162.647
-3980.497 -3906.122 -4030.532 -4121.211 -4126.916
-4092.758 -3888.003 -3698.262 -3849.097 -3857.688
-3704.872 -3696.672 -3671.358 -3680.998 -3654.864
-3666.939 -3786.249 -3799.699 -4104.85 -4019.015
-3982.932 -3751.56 -3922.882 -4004.659 -4084.72
-4019.722 -3962.947 -4091.665 -4092.411 -3771.534
-3889.411 -3930.167 -3884.529 -3872.92 -4196.426
-4089.895 -4106.061 -4111.169 -4268.825 -4274.986
-4278.346 -4269.017 -4218.705 -4165.419 -3948.29
-3918.08 -3766.323 -3917.258 -4045.312 -3960.809
-4063.838 -4125.761 -4144.973 -4265.923 -4291.763
-4294.873 -4289.94 -4285.164 -4293.079 -4292.886
-4284.312 -4298.111 -4307.551 -4308.167 -4300.128
-4318.658 -4312.274 -4309.984 -4298.098 -4296.950
-4285.74 -4286.978 -4268.562 -4210.023 -4191.666
-4188.361 -4183.048 -4149.899 -4112.4 -4211.995
-4088.449 -4104.434 -3805.321 -3756.358 -3903.057
-3962.851 -3840.164 -3865.800 -3923.802 -3975.76
-3984.839 -3927.197 -3805.018 -3658.497 -3770.816
-3904.387 -3935.575 -3829.505 -3872.691 -4039.003
-3980.202 -3986.987 -4008.177 -4046.059 -3929.355
-3764.648 -3800.845 -3942.444 -3802.786 -3821.101
-3672.704 -3846.982 -3963.008 -3787.187 -3784.07
-3973.648 -3830.125 -3968.492 -4166.463 -4207.137
-4182.702 -4175.789 -4081.913 -3838.731 -3576.066
-3751.362 -3468.425 -3632.293 -3710.4 -3490.954
-3394.487 -3275.381 -3653.214 -3626.091 -3852.169
-3744.044 -3720.115 -3821.204 -3910.743 -4004.173
-4001.693 -3904.435 -3726.544 -3918.491 -4124.98
-4108.503 -4140.807 -4153.445 -4228.423 -4249.091
-4214.75 -4240.459 -4217.120 -4168.97 -4079.628
-4091.275 -4102.827 -4182.106 -4193.128 -4212.79
-4254.664 -4283.233 -4296.26 -4293.377 -4280.052
-4212.272 -4183.066 -4188.571 -4177.687 -4152.131
-4141.406 -4144.194 -4143.346 -4157.154 -4198.368
-4250.235 -4222.845 -4213.407 -4199.544 -4212.661
-4218.638 -4209.971 -4098.494 -4025.243 -4125.406
-4015.477 -3693.011 -3553.565 -3519.984 -3277.456
-3472.419 -3619.674 -3622.554 -3588.308 -3584.239
-3588.957 -3740.204 -3913.424 -3680.397 -4005.685
-3917.848 -4052.267 -3975.146 -3683.856 -3783.412
-3920.371 -3704.825 -3713.621 -3622.631 -3574.017
-3692.744 -3840.664 -3796.581 -3666.572 -3655.264
-3835.241 -4006.382 -4041.329 -3731.447 -3420.759
-3650.547 -4022.51 -3785.606 -3723.977 -3781.357
-3884.604 -3937.457 -3677.612 -3840.159 -4011.773
-3985.991 -3843.662 -3893.619 -3926.939 -3776.008
-3621.632 -3829.239 -4017.694 -4190.619 -4133.002
-3953.801 -4240.821 -4253.443 -4174.294 -4249.516
-4249.896 -4276.059 -4291.165 -4292.183 -4275.922
-4262.431 -4243.007 -4275.872 -4251.091 -4198.532
-4202.550 -4210.699 -4213.233 -4172.506 -4191.348
-4193.022 -4127.565 -4222.956 -4162.68 -4155.18
-4157.090 -4041.134 -4075.682 -4146.701 -4021.942
-3935.112 -4084.842 -3890.929 -3866.814 -4047.734
-4067.902 -4072.405 -4154.241 -3943.127 -3845.989
-3884.791 -3900.406 -3930.538 -3783.544 -3719.78
-3860.939 -3778.501 -3890.914 -3871.224 -3839.37
-3968.483 -4122.875 -4066.612 -3956.167 -3956.886
-3983.516 -3987.65 -4058.970 -4104.478 -4089.754
-4093.642 -3874.563 -3864.283 -4056.398 -4111.992
-4088.261 -4197.093 -4149.41 -4151.049 -3909.422
-3904.561 -3971.967 -3742.334 -3702.021 -3665.274
-3756.357 -3811.929 -3917.291 -3801.100 -3722.081
-3755.293 -3721.26 -4036.273 -4024.021 -3997.264
-3848.051 -3705.262 -3705.262 -3866.827 -3834.824
-3702.62 -3796.144 -3873.507 -3851.706 -3675.134
-3887.849 -3883.44 -3938.566 -4034.651 -3730.843
-3879.918 -3913.828 -3848.879 -3908.721 -3830.888
-3894.093 -3631.814 -3993.507 -3977.4 -4010.588
-4061.826 -4200.919 -4109.64 -4108.911 -4095.319
-4165.985 -4192.906 -4212.784 -4273.286 -4252.808
-4172.203 -4207.424 -4277.363 -4315.475 -4322.824
-4332.06 -4337.82 -4339.243 -4337.84 -4339.596
-4333.829 -4327.056 -4321.712 -4329.643 -4342.557
-4343.841 -4361.204 -4355.982 -4352.974 -4344.722
-4340.707 -4330.351 -4285.056 -4315.072 -4332.559
-4331.254 -4297.277 -4299.37 -4312.939 -4172.522
-4099.214 -4076.437 -4091.256 -3995.546 -3997.472
-3999.952 -3975.174 -3881.302 -3907.281 -3938.402
-3956.826 -3952.021 -4180.104 -4182.198 -3996.293
-3897.819 -3784.621 -3852.613 -3810.073 -3626.301
-3690.208 -3622.077 -3576.584 -3534.751 -2979.651
-2932.140 -3521.626 -3284.096 -3367.009 -3670.189
-3644.396 -3814.433 -3852.617 -3803.398 -4000.211
-3800.691 -3809.517 -3823.9 -3803.281 -3840.067
-3697.301 -3660.907 -3742.027 -3621.004 -3568.054
-3760.276 -3740.414 -3743.493 -3825.714 -3982.899
-3904.789 -3960.83 -3777.274 -3807.029 -3825.645
-3868.164 -3988.279 -4009.968 -3927.363 -3914.466
-3890.996 -3670.112 -3471.067 -3571.173 -3787.07
-3768.439 -3769.781 -3779.039 -3658.292 -3796.022
-3902.402 -3903.089 -4045.545 -4084.719 -4176.542
-4282.277 -4269.654 -4309.774 -4338.189 -4329.699
-4280.936 -4202.801 -4226.075 -4284.024 -4259.155
-4205.521 -4186.854 -4091.537 -3730.233 -3795.721
-4030.576 -3946.78 -4003.723 -3993.321 -3769.016
-3911.433 -3885.717 -3766.619 -3785.709 -3844.156
-3780.575 -3795.141 -3685.899 -3792.92 -3924.783
-3893.771 -3798.876 -4064.093 -4076.132 -3937.835
-3903.827 -4097.416 -3909.905 -4023.881 -4084.479
-3960.995 -3710.207 -3894.691 -4017.646 -3960.341
-3859.692 -4082.636 -3891.594 -3792.46 -3704.787
-3831.293 -3896.499 -3849.665 -3817.321 -3846.259
-3983.878 -4067.827 -4065.261 -3948.296 -3921.547
-3956.958 -3975.182 -3947.917 -4032.065 -3969.072
-3991.656 -3935.57 -3951.769 -3901.771 -3964.628
-3935.022 -3911.078 -3969.622 -3981.424 -4040.962
-3983.591 -3994.508 -3902.945 -4089.293 -4080.611
-4099.563 -3960.989 -3948.436 -3851.801 -4058.259
-3867.388 -3809.474 -4071.548 -4221.709 -4252.182
-4307.665 -4304.043 -4320.211 -4295.848 -4272.543
-4118.106 -4121.772 -4062.558 -3964.539 -3966.477
-3905.333 -3935.86 -4144.328 -3906.372 -3854.730
-3882.879 -3995.894 -3910.819 -3844.274 -3641.884
-3829.865 -3725.943 -3735.691 -3887.828 -3826.669
-3883.577 -3888.235 -3843.948 -3861.341 -3777.349
-3839.928 -3858.048 -3823.115 -3925.233 -3962.655
-3807.448 -4002.846 -3785.534 -3854.111 -3931.459
-3828.334 -3780.341 -3936.906 -3837.289 -3842.158
-4024.804 -4088.264 -4008.248 -3835.634 -3904.683
-3919.858 -3782.033 -3810.546 -3926.461 -4110.628
-4159.712 -4182.829 -4142.806 -3918.197 -3958.733
-3948.222 -3987.956 -3905.643 -3944.158 -4024.695
-3572.92 -3657.185 -3906.639 -3662.413 -3939.83
-4056.510 -4007.415 -3838.497 -3885.575 -3600.882
-3415.858 -3429.653 -3705.406 -3592.896 -3610.433
-3565.542 -3706.463 -4016.756 -3770.261 -3933.944
-3895.932 -3827.157 -3799.819 -3754.773 -3838.019
-3899.357 -3931.474 -4112.737 -4185.728 -4145.19
-4182.973 -4085.513 -4122.753 -4028.111 -4025.073
-4107.977 -4067.247 -4023.801 -4088.117 -4143.764
-4166.274 -4052.558 -4117.113 -4140.976 -4119.731
-4119.886 -3991.452 -4083.84 -3961.262 -3883.861
-3802.044 -3725.819 -3619.057 -3630.375 -3657.653
-3950.468 -3891.611 -3937.935 -3816.877 -3952.729
-4200.422 -4153.17 -4253.54 -4166.861 -4247.891
-4194.067 -4243.712 -4239.102 -4262.034 -4271.064
-4148.010 -4048.793 -4055.777 -3935.812 -4009.289
-4029.778 -4081.066 -4073.684 -4054.793 -3998.77
-3931.943 -3753.575 -3712.394 -3934.896 -3937.042
-3870.538 -3742.966 -3641.876 -3795.609 -3807.817
-3829.949 -4020.108 -3939.08 -3925.52 -3887.444
-3853.947 -3575.065 -3645.325 -4027.41 -3837.382
-3843.31 -3684.872 -3656.879 -3496.475 -3423.145
-3439.835 -3439.835 -3781.421 -3794.197 -4047.143
-4151.017 -3910.5 -3989.751 -3892.155 -3757.905
-3676.949 -3601.557 -3579.301 -3722.160 -3840.328
-3797.497 -3708.095 -3706.356 -3889.377 -3645.223
-3482.423 -3457.806 -3860.496 -4056.159 -4171.410
-4097.227 -3943.67 -3894.183 -3800.465 -3864.215
-4042.566 -4265.572 -4217.941 -4255.626 -4256.031
-4256.712 -4251.767 -4233.054 -4285.585 -4320.064
-4317.932 -4319.772 -4329.516 -4328.956 -4348.834
-4352.678 -4347.718 -4347.166 -4342.874 -4326.802
-4286.398 -4313.496 -4310.993 -4316.487 -4306.779
-4311.875 -4266.083 -4234.577 -4208.101 -4210.298
-4221.878 -4286.856 -4312.721 -4321.203 -4310.96
-4328.481 -4289.267 -4288.291 -4149.616 -3902.693
-3951.797 -3881.074 -3838.511 -3766.635 -4079.989
-4115.648 -4067.232 -4011.655 -3952.534 -4041.226
-3932.333 -3735.291 -3528.889 -3614.758 -3861.598
-4131.021 -4189.883 -4186.962 -4106.802 -3915.565
-3978.822 -3948.909 -3856.662 -4116.188 -4026.702
-4025.697 -3950.416 -4081.898 -4101.032 -4222.343
-4258.659 -4173.92 -4068.255 -4065.918 -4040.659
-4042.767 -4189.069 -3820.918 -3971.811 -4047.79
-4009.399 -4061.797 -3975.632 -3937.839 -3872.058
-3855.324 -3935.388 -4217.63 -4114.409 -3938.064
-3853.601 -4060.102 -3962.312 -3934.901 -4049.521
-4180.392 -4131.666 -4180.416 -4086.898 -4021.243
-3932.882 -3935.273 -3855.856 -3830.145 -3674.494
-3642.667 -3774.961 -3734.012 -3745.73 -3957.389
-4018.942 -3971.796 -3784.968 -4039.957 -3816.782
-4065.718 -4059.664 -4033.186 -4057.051 -4058.948
-4322.908 -4344.116 -4358.795 -4343.047 -4333.481
-4310.301 -4309.931 -4267.359 -4300.336 -4298.673
-4327.952 -4364.042 -4367.07 -4374.657 -4373.755
-4373.58 -4372.434 -4373.211 -4377.491 -4372.642
-4375.754 -4376.012 -4369.348 -4373.613 -4373.659
-4375.944 -4378.002 -4377.579 -4375.78 -4373.522
-4366.628 -4352.58 -4347.546 -4349.546 -4351.46
-4344.22 -4329.004 -4345.285 -4341.864 -4332.824
-4337.327 -4258.639 -4171.702 -4130.178 -4142.323
-4185.075 -4215.308 -4205.807 -3982.128 -3923.103
-4014.954 -3989.956 -4107.555 -3963.392 -3769.807
-3743.662 -3997.916 -3683.491 -3829.735 -3776.394
-3726.184 -3760.002 -3653.386 -3669.228 -3598.662
-3759.728 -4110.177 -4099.805 -3995.598 -3992.065
-3773.449 -3850.944 -3871.401 -3636.794 -3745.901
-3694.299 -4009.707 -4074.131 -4131.928 -3868.323
-3889.418 -3917.383 -4099.309 -4058.667 -4125.627
-3895.885 -3882.16 -3689.053 -3733.516 -3890.775
-3823.232 -3918.343 -3824.437 -3821.826 -3727.902
-3817.778 -3890.490 -4019.001 -4051.697 -4201.351
-4262.012 -4247.679 -4245.841 -4229.188 -4196.123
-4221.449 -4055.165 -4000.942 -3708.003 -3882.409
-3863.854 -3936.376 -3901.864 -3931.161 -3972.238
-3825.477 -3942.571 -4221.225 -4215.587 -4183.483
-4230.558 -4323.034 -4332.202 -4345.958 -4344.55
-4347.311 -4349.008 -4348.286 -4345.641 -4358.343
-4354.565 -4287.615 -4146.159 -4229.872 -4217.202
-4220.077 -4231.668 -4233.898 -4236.032 -4234.237
-4235.4 -4208.199 -4200.014 -4189.119 -4202.271
-4265.591 -4278.803 -4344.923 -4348.848 -4357.778
-4360.324 -4362.131 -4355.963 -4364.808 -4359.496
-4347.656 -4343.524 -4268.351 -4278.74 -4124.262
-4230.738 -4323.2 -4306.799 -4304.24 -4288.002
-4223.945 -4070.476 -3947.458 -4042.095 -4070.223
-4100.946 -4059.551 -4306.176 -4343.292 -4332.531
-4325.138 -4282.647 -4293.466 -4331.105 -4336.537
-4353.806 -4337.066 -4331.15 -4347.959 -4321.182
-4340.562 -4346.773 -4352.139 -4331.261 -4292.688
-4261.298 -4297.504 -4314.482 -4282.114 -4227.405
-4210.302 -4181.121 -3838.971 -3931.421 -3917.784
-3922.634 -3920.984 -3783.481 -4065.285 -4020.593
-4031.831 -4125.54 -4232.193 -4265.223 -4063.473
-4146.337 -4167.13 -4091.187 -4111.282 -3985.136
-4035.542 -4099.58 -4089.972 -4096.62 -4142.208
-4332.378 -4318.382 -4252.385 -4170.446 -4158.416
-3991.772 -4006.789 -3769.703 -4023.45 -3627.565
-3427.11 -3877.229 -3878.8 -3873.778 -3890.815
-3761.189 -3814.358 -3740.041 -3287.352 -3221.679
-3199.633 -3240.977 -3487.674 -3404.425 -3542.646
-3772.994 -3859.775 -3461.305 -3417.712 -3583.412
-3462.238 -3457.633 -3370.132 -3577.098 -3471.042
-3502.778 -3900.258 -3660.172 -3517.427 -3768.215
-3831.063 -3766.055 -3753.586 -3911.964 -3913.069
-3943.897 -3802.705 -3966.645 -3955.044 -3765.207
-3755.145 -3526.804 -3760.973 -3882.363 -3714.553
-3635.492 -3739.043 -3801.136 -3919.623 -3909.903
-3551.861 -3727.138 -3920.041 -4013.573 -4122.676
-4146.545 -4224.254 -4256.597 -4261.58 -4259.313
-4268.134 -4164.615 -3978.768 -3936.937 -3869.464
-3924.305 -3886.497 -3955.798 -3895.719 -3756.284
-4022.440 -3807.603 -3718.447 -3887.04 -3841.831
-3995.792 -3844.282 -3900.16 -3683.485 -3759.039
-3763.983 -3767.339 -3856.671 -3945.799 -3992.401
-4136.310 -4107.668 -3990.82 -3951.255 -3856.301
-3748.129 -3767.468 -3957.077 -3959.236 -4159.11
-4136.289 -4112.679 -4002.607 -4118.227 -4052.948
-4056.586 -4086.152 -4016.869 -4006.887 -4129.254
-3993.436 -3961.648 -3827.325 -3805.133 -3868.36
-3766.158 -3710.874 -3727.925 -3775.356 -3652.646
-3715.215 -3668.495 -3745.163 -3811.277 -3808.93
-3921.167 -4011.41 -3749.34 -3637.634 -3856.616
-3890.765 -3611.918 -3691.879 -3886.557 -3988.388
-3957.623 -4033.399 -4193.229 -4248.206 -4225.316
-4256.681 -4248.298 -4171.071 -4187.878 -4162.703
-4198.545 -4144.072 -3885.296 -3869.755 -4022.618
-4103.178 -3849.536 -3986.563 -3797.761 -3681.868
-3912.346 -3817.194 -3791.371 -3856.695 -3852.744
-3937.231 -3944.112 -3912.84 -3779.973 -3775.718
-3785.298 -3749.810 -3983.387 -3658.15 -3920.321
-3588.548 -3696.973 -3774.939 -3816.954 -3780.58
-3870.225 -3799.077 -3792.861 -4024.932 -4109.81
-4159.073 -4132.031 -4033.714 -4095.732 -4084.566
-4093.989 -4096.265 -4085.347 -4216.918 -4190.685
-4129.304 -4178.698 -4070.075 -4184.291 -4146.844
-4106.537 -3997.742 -4096.113 -4043.245 -4056.368
-4114.518 -4257.386 -4249.038 -4239.899 -4290.273
-4133.149 -4030.280 -4070.994 -4075.344 -4035.587
-4026.735 -4054.342 -4049.952 -4179.335 -4241.867
-4048.677 -4092.982 -4107.667 -4062.294 -4077.704
-4046.094 -3967.361 -3992.870 -3979.374 -3973.959
-4010.172 -4143.557 -4056.508 -4149.47 -4014.162
-4000.948 -4073.982 -4166.774 -4126.589 -4128.14
-4143.259 -4057.802 -4124.698 -4183.587 -4222.351
-4204.746 -4208.182 -4198.231 -4234.44 -4184.667
-4179.068 -4155.124 -4199.074 -4306.65 -4269.531
-4274.751 -4268.243 -4282.543 -4267.019 -4264.667
-4260.938 -4263.844 -4228.522 -4207.880 -3984.541
-3917.125 -3757.085 -3688.539 -3343.088 -3838.439
-3814.866 -3861.688 -3833.326 -3749.420 -3908.76
-4026.15 -3939.827 -4061.456 -4101.511 -4094.885
-4055.081 -4125.058 -4124.651 -4052.344 -3852.377
-3861.754 -3773.786 -3806.075 -3877.165 -3842.731
-3992.618 -4086.521 -4154.196 -4103.415 -4072.859
-4091.206 -4030.233 -4013.497 -4071.028 -4048.633
-3998.597 -3896.431 -4050.316 -3970.777 -3904.895
-3845.228 -3848.119 -3542.746 -3890.036 -3864.239
-4035.156 -4248.943 -4211.967 -4255.379 -4190.155
-4228.285 -4311.263 -4264.886 -4251.871 -4215.958
-4237.841 -4114.72 -4091.005 -4107.675 -4107.299
-4114.302 -4185.002 -4232.842 -4224.1 -4203.553
-4246.646 -4221.791 -4197.762 -4290.68 -4289.74
-4304.284 -4276.617 -4254.599 -4041.666 -3536.882
-3653.231 -4025.587 -4205.787 -4207.990 -4211.882
-4257.81 -4248.581 -4117.019 -4097.478 -4051.237
-4199.491 -4197.531 -4086.428 -4250.747 -4070.124
-4216.505 -4228.797 -4282.105 -4222.432 -4237.307
-4187.806 -4061.656 -4076.999 -4173.861 -4067.863
-4058.05 -4130.209 -3964.128 -4040.941 -3992.457
-3952.814 -3942.179 -3900.808 -3985.188 -4000.014
-4118.217 -4166.273 -4152.747 -4264.844 -4174.223
-4160.147 -4232.859 -4247.444 -4287.361 -4321.08
-4229.481 -4240.349 -4264.326 -4154.136 -4127.089
-4157.38 -4200.093 -4170.571 -4168.721 -4076.118
-3991.287 -4104.67 -3948.074 -4006.575 -3849.814
-3826.592 -3758.844 -3668.458 -3640.253 -3496.013
-3863.852 -3918.774 -3803.248 -3781.990 -3779.208
-3836.826 -3952.17 -3781.214 -3683.839 -3782.075
