-40 -48.75550946778407 -66.70587755244136 -75.8757027595356 -75.963787089329543
-94.01437310196509 -90.9163362494394 -69.63480278691387 -49.151475815557490 -45.09761536378476
-46.060029061443963 -52.55635289575774 -49.17050602937418 -57.32148273143844 -52.207527008316013
-65.467659170791606 802.3761942748538 -26.94885340539987 -19.99665556875495 -15.920095010940528
-14.7561301429453 -16.3030373890027 -28.581602498979919 -31.422815921018614 -19.14524700549489
-26.58268096072203 -46.04286710613596 -44.2127189827257 -59.561858487482951 -65.91345040485606
-67.948053284966662 -73.40212895054488 -70.605917214862899 -56.07178713604117 -61.36859357427582
-45 -69.011983031434653 -87.741488017159469 -72.086487544653693 -79.65497898211586
-83.0327567273396 -81.0987786383085 -96.99836655273302 -104.95783813574380 -112.17111898217308
-122.09343578660945 -105.10774033043735 -106.56682418160088 -120.93064327602612 -140.6114014389381
-144.27528299769284 859.88496000670375 -167.48012800487425 -167.70698570927539 -167.55991436149318
-163.83169547292655 -163.42216630371078 -169.15143628019820 -158.02507997709444 -182.8692946280053
-165.29099727557167 -166.43599891849919 -173.37765571037392 -174.33407742616316 -183.49857156584119
-166.32588891524762 -184.52826071054562 -199.41734194792849 -198.53301133373017 -186.2764743428792
-96 -100.74797569870805 -110.97135642492647 -99.0040390108032 -116.17205216443604
-105.63197434008003 -123.20818631298434 -163.42920567374333 -167.70478101485753 -169.09397064258476
-181.33163145268540 -192.40040029810280 -186.29685436375905 -170.75373895636307 -170.76031359504387
-164.1653877600031 601.3097292202013 -164.1214107856912 -150.81984878857432 -137.66832731833392
-139.3201841594177 -127.2914058868246 -143.79435308538422 -148.98791322585797 -144.83758035518116
-144.29687617171177 -136.92300668861043 -165.82167575849914 -175.1899686681447 -185.83236076966173
-181.7109067872445 -177.34460370883212 -162.99123533516405 -165.47082137386417 -178.03400978498865
-139 -131.0003869170375 -119.87871769981574 -120.10275036606558 -118.8783190270426
-134.60272694138183 -125.87401548435598 -140.34009730716446 -141.52088187484139 -159.88954099785909
-170.43056188002262 -172.6978399599667 -181.8922814524618 -189.45653235578067 -204.12890967102169
-197.11494140822464 553.85172119093204 -189.81964688297958 -185.8711498584006 -193.6213257434406
-170.11950213742949 -172.00328529150127 -130.38396991307206 -119.41739354049777 -128.38654465169924
-130.1010845880122 -131.3388114888971 -148.14009472859581 -145.41851483788278 -139.08902666597496
-127.38838286134830 -146.20197054579609 -145.61689132429024 -135.70141390915651 -127.50950182968192
-129 -136.04737440339196 -144.0466335103943 -139.15710895515357 -131.32685245019726
-135.04550609777965 -135.02413850483919 -135.45622638843824 -141.442267583812 -135.280673666475
-146.96535349830097 -157.648311282798 -154.65309685008268 -163.0628203989760 -158.66980472787913
-145.30278361810514 454.8507607043347 -167.6144798857515 -163.7588949640888 -152.46191001772468
-128.1418978039054 -109.41479951352460 -126.9927379789295 -128.34387905894857 -124.5975683746756
-124.15284518653296 -130.50948581271524 -118.71335362848451 -100.48196833768640 -130.76295123100630
-128.49213910519651 -122.97560968585275 -109.58719801407770 -121.69854042055691 -122.31718958213902
-117 -124.0633747631712 -138.33921450251623 -134.72823806759700 -143.64842370084264
-147.97584966112558 -150.31158093828265 -153.86534423934356 -136.6719713800445 -153.75265945397797
-167.54086849372626 -164.50700846039987 -161.14601221426082 -141.40315106915705 -133.9033545238869
-130.1374892707746 342.68607360581905 -149.577169461668 -149.81652517290482 -129.78266880101020
-137.50210994949583 -137.7715130062244 -150.03001507163509 -137.39319697904887 -115.14781307049287
-106.74964054925717 -104.37685485666768 -126.15101086994440 -124.0433375388999 -126.17474205545993
-134.7649151069321 -115.7232912633882 -135.63805718141785 -128.81309196339234 -111.09419840339622
-97 -98.84324138980095 -97.68466553620108 -98.7853280408742 -100.9634822827056
-83.4614619896521 -65.38118647785994 -61.747907432924329 -38.90196952584553 -39.543047031313911
-41.198861211670149 -26.17770827594614 -36.425348280823506 -48.00069050470174 -57.86157475069491
-54.59935878229924 316.3647679501864 -70.930135968970873 -68.1286537148147 -60.4604589119617
-62.552781348485972 -80.27667061934687 -78.327261503814753 -90.94662997970730 -97.87577333907356
-108.12763680864218 -86.72456176622116 -83.95705593781689 -82.875503716134 -93.99601117634002
-82.678834135212028 -78.760347271812691 -79.05194453349232 -74.38776188451963 -66.19099687634882
-63 -41.30149011625336 -63.614322593774460 -44.14083970074324 -48.1487449207561
-51.24498961369012 -55.95940149479746 -42.812913665402277 -42.98378895796004 -38.080284129308197
-48.840953501255058 -60.904289780513935 -55.57603428058631 -51.368328444108407 -39.246939734849320
-41.17028431281408 286.55673066560291 -14.094965266299553 -8.8092088449468751 -16.54377338190033
-3.6375990069523443 -19.138739545349466 -28.10194759816317 -36.62657386517697 -34.29934138641615
-26.978462861935025 -22.013758800256976 -12.393574769548293 -7.598336573793963 14.062363428875614
-9.727347301854214 -5.152249666617407 -16.452690223448808 -31.76676123910014 -30.05128736616049
-62 -76.1511013000865 -69.68234749776227 -95.7938267823716 -84.95282958681457
-80.1002419497423 -94.95605261039771 -87.30007818710769 -78.34606953016036 -100.14723264673029
-96.93914521268185 -90.01862639669426 -97.02292564096042 -91.92629508128211 -90.33100616189368
-97.17337641095179 129.2280585247783 -110.16240075857897 -118.80687577405001 -116.92111538960070
-115.13847615861150 -85.7011577927079 -71.87278370764038 -57.171596527287591 -48.36533077462995
-45.070531982680947 -39.34858250283094 -31.74504113600037 -17.553542064600567 -14.855562338178775
-10.816458673483519 -3.9283277886986898 -15.282973583494234 -15.711774678346963 -21.575992655780269
-69 -77.335976544938347 -81.749693039716291 -73.6792848162867 -77.3613719969616
-70.8171015088451 -48.83763888048782 -43.462013192603678 -54.398183641109 -59.06239874088482
-80.550308117706152 -71.653012116977550 -89.61712558127078 -69.7248906313399 -64.391886592403893
-59.53110067166832 145.1066295371086 -46.84438787304324 -42.31710120836723 -32.49879783126111
-34.02191600348655 -31.26150612678424 -26.22213036316914 -2.531979804993508 0.3082437367558795
-0.70066680896235489 -9.755288613710997 13.019269209474135 -4.881361096901044 -15.59415388651234
-9.531411971405419 -20.92590789545357 3.855313082334405 -4.5500487266713723 -21.873365677032510
-39 -35.24189701098973 -26.03085985512769 -25.277627349458875 -39.65474698748987
-32.036643172119938 -24.73572249539032 -45.15786200046634 -67.08483489678595 -64.1730941398854
-79.835174622985548 -101.70195021375086 -104.73591059447047 -113.40139353247838 -96.17122789001196
-88.42168887713177 9.182395464580011 -92.23190483395732 -99.51421643185316 -7.3174880888567948
-59.2580133028246 -48.615834882453207 -38.775996471187327 -48.89790179915772 -53.70640383909295
-50.84476243067838 -57.746413688373551 -64.93819885243575 -69.73525292985967 -75.672280394591610
-52.776732032462746 -39.839879035921754 -25.33917001597587 -22.66492469266031 -25.735983302017146
-139 -138.1290058609875 -124.64946580872760 -107.63111247505897 -119.50183064143258
-123.4833331154436 -108.62304847635056 -117.93854340795153 -127.3423307055741 -138.59676518027516
-146.73665403994474 -143.9364866788699 -140.59587210581509 -138.16786082484415 -141.37364763395848
-118.478104507722 179.48682056769309 -125.8982156639629 -119.41876075490539 -87.861451284693118
-96.15260910521320 -66.91411635775434 -66.90572702132303 -47.82028888924089 -44.867140308824368
-36.64580800176613 -47.95559469100557 -49.95336010240382 -76.34617317270619 -76.97453537837391
-66.455678598771399 -40.25788538860113 -64.72489683815316 -72.9523693799193 -69.74404115536146
-487 -497.5560802019672 -486.93492109881481 -474.078885383916 -197.9547089534828
-461.67355595022508 -447.9410201961757 -445.8666042180503 -451.1450311353716 -446.7747680610117
-450.3339611889789 -464.2566745028338 -463.313829610495 -463.39948060756916 -460.93547969067902
-430.6988813932518 -18.479490014552464 -448.881549368318 -438.2400582355186 -61.982501812203814
-416.4587260740016 -409.42235830734506 -400.5443790425969 -366.0098070711497 -375.2590339170611
-380.4105572494046 -396.4798371237427 -390.021550661915 -371.7807164499931 -388.20849445042944
-385.52063584748242 -400.8673445523437 -390.9061096247872 -387.7797218062688 -375.65693380203015
-786.00000000000000 -759.32712555632361 -735.2848075866523 -724.7545561837360 -122.5447971686046
-712.051517255751 -710.4027537028672 -713.8282694285313 -713.8140406598172 -699.0034223393343
-705.92729361237127 -688.7723966043906 -697.7447381459281 -705.3197682662462 -687.4160335820646
-678.8989319580903 54.296641450845399 -682.73787935739426 -690.029573676053 61.46391684115331
-615.00446979031051 -595.88484057187679 -590.4906951611396 -599.04327431947149 -613.6186381557927
-594.7690085610745 -600.37288667928931 -585.89290270626839 -586.1941518579376 -603.2709803383607
-611.85861345691944 -606.85275919249511 -622.1159512317380 -604.887468339425 -582.43755005059
-716 -724.79401816169843 -716.3805718810991 -711.25310012767704 -145.0319833506715
-720.66824694171021 -706.311782437328 -720.4552273202094 -703.3262830628956 -680.51003203044809
-680.6889312992133 -658.57328322156843 -663.10774175517497 -666.15186527016 -646.613516586135
-626.9584666576133 54.287408471385710 -620.9947289353828 -625.72861432944308 89.54558396490384
-595.5940747927933 -569.3933561301980 -545.0198729179308 -546.53036826199650 -564.196378835008
-551.37974589719329 -530.9290078113120 -537.2247990811924 -533.29952672542038 -534.7094934938565
-535.2479999443661 -522.7318218482955 -524.28992991562893 -530.4406722282284 -542.3066850895863
-386 -356.68342442550443 -352.9098685599131 -344.2957253063101 -74.05209874464687
-357.45871308034759 -366.0113591445739 -370.6075947557682 -345.3906159717681 -356.0743336917179
-352.7993383296712 -349.0809141732468 -337.7256963778540 -344.1834809379736 -336.1569981672
-337.6189167709576 10.616722395822331 -327.94852597493929 -317.1576638279283 52.6752335536579
-325.7878566488158 -338.0415317845358 -346.8089317740352 -344.0168735892453 -333.43889261819737
-324.30736329975338 -321.026093148333 -321.0135450017596 -294.443376884216 -285.9589288920236
-293.42136789469 -273.3718627346275 -262.79482012432402 -249.2098299234242 -247.77752205682305
-33 -9.122553641542893 6.308969855726714 21.97874153554682 18.340622365311575
15.36803253579386 4.038434394512270 10.486667787929385 2.288817202446053 -11.848017500185280
-5.273743389421155 -16.75029360195488 -8.1383585126980584 -18.2895562611765 -17.528652275169122
-1.9692202317304037 18.04724285552501 15.68081420540088 13.691137983715153 52.186569196700148
7.44195507161565 -3.942165552735652 -3.522945216363616 14.338207445287912 15.7331043505251
5.373868699839679 4.958342516718796 -2.9160100180060651 -20.64098988687408 -5.9297078906575535
22.57118600619215 22.70648032358741 20.62298210209003 13.038390101347078 -5.73742713892164
226.00000000000000 240.067456318716 225.4345037890488 239.0941725945169 220.31464612469199
234.68730537449846 236.52158177512447 270.4588284191938 266.1028226069866 256.8990376805629
250.1664827041778 257.92955330015099 245.4288188673538 239.6636357879179 234.32653131167521
236.1521423865377 230.1462389408661 227.22657576641160 204.08948555591039 191.41623719962462
197.20746927736513 210.76222207048920 197.4691558953837 194.26896545363215 186.4107712323937
182.8370362062197 197.24142571132515 199.4317829789666 184.92561582789790 207.60924101059788
175.44193154689259 190.14050892314953 190.41807762816924 196.4549459805363 222.0539747393013
380 368.083574583274 374.9817774143355 375.0998549480877 391.3891269727462
393.5564427495318 397.382549062208 407.5372909359812 400.29081619267498 374.90935591740583
378.99037996759375 368.5901987863964 368.1245102593137 361.58493663382751 376.242061831693
374.5453084224794 362.1886382725838 357.6448290417237 332.89494836107190 319.9934974189453
323.3566549316080 311.0343082268686 312.7854801656985 301.72831485474728 305.0872806845879
310.3653789384247 315.90011347023619 322.0148484130412 310.5745465830366 319.3922102914792
321.06207855623899 294.2973577958287 311.7265385501143 279.9771422778769 246.49160076894509
420 400.8082133138404 384.46608789147314 379.70089202675314 369.67074812340655
368.7655717319573 358.13883007308056 374.3939810140274 384.2906633144835 351.3725494798713
348.3673018881713 335.7076211807534 345.1116328933082 339.761638231686 352.3557151153881
333.1020890197562 309.3159618528828 305.42166997419304 333.0977343786693 295.2656335722696
264.53706873780038 271.5283014735028 241.8039172594959 251.0796374638228 253.1798381420933
229.77076784702936 204.64727329824501 202.62517205839620 191.52247141694795 214.1026138095242
237.6653586865712 252.0349752907762 266.1484819422582 250.1208094956991 244.61944093131743
371 359.77842188039165 356.8786840786645 363.63181695822760 387.7580359874545
375.40862981163343 378.2606544213344 372.3263862954421 358.42049748861 357.23999424910011
371.03337069320918 372.92213744682158 353.2935771252082 341.1092939231996 323.59102038034359
318.2315352430802 325.60646475400875 308.6761729445677 301.8575384175371 278.7461219389041
256.8353875232189 234.0931973854908 229.58124403735627 209.2408800411116 229.7812589997118
215.2411541094130 228.04168611084509 233.14188966419823 224.7466855754466 198.0199662681755
204.58482363508466 212.31438284758377 204.55245406154415 200.16022886398932 190.64623810524355
312 288.67134266072759 292.04952862832488 283.22501669429647 290.8127687255387
297.5980691143615 283.13147921398917 295.38689690367806 276.76409937424501 280.5512363500872
283.013829548995 290.7028270062445 293.4332573424003 295.2660861964270 292.69489771440510
284.56805516968194 274.73759934325159 280.1493352168684 285.8673165323665 304.2331797608653
275.03644607410916 275.6669613641101 284.22379769436321 278.8406559027939 286.7969807501359
264.52422312821290 253.62020676898 246.4956458343617 243.20983134856667 286.150021905832
280.7329608107981 279.5966121411225 280.89678966315608 290.19991286206067 285.7696929330573
244 242.03941219591218 245.7104306796738 238.60486444732015 239.24869212749752
223.4890651748338 212.71738959481871 205.34029283891527 189.36466327336291 165.58153259817706
165.35108321689799 164.9428259730140 155.827604906498 167.81434749286981 166.8363061537156
173.86232908401527 163.88772860930533 168.72111860821255 173.3355190152034 203.99779263737673
157.8123765024567 156.63863778693712 153.42024161012290 154.7708416490602 184.21268305101003
166.23263054569469 150.24465680519413 125.02269298608125 130.90157450958660 131.84726308609569
123.2644609621434 119.81471973176625 129.64675015107869 122.0009668893341 117.64301715121724
168 173.06077552328352 160.23659699475905 173.89663458064507 172.2754146286432
185.18411855178817 203.93424799059287 209.49120917197934 215.38029349422811 225.005397119025
227.2395667158110 227.3296384864879 229.3443292961334 210.5261816788966 206.82851990703927
196.98616593183908 177.73391934334217 159.2302797538893 143.63345357702281 515.8411056524515
125.91588240841295 149.1937278330331 143.91680723940129 157.9979684802756 165.4232843453251
153.7590394250237 188.34842039295341 169.26126714740224 174.44218402141757 201.19187149519982
183.4218756791913 191.49459740138727 178.85735772850092 181.24515573845693 170.62505896388336
138 131.8288511740367 127.95816562119535 127.89782414389630 130.657107714725
125.18031736063065 118.54089416755585 135.81994975956900 138.29721752880931 161.2912990241273
162.59069288232516 158.95479192569533 146.56792880944150 146.38595477213491 140.5106424486127
140.18274906701006 121.92677692908921 125.2849048823461 119.2729740420756 636.07564004174162
143.94944118792841 163.8218807245598 171.10039038071096 167.134252676233 188.2958243434343
182.71846295847979 152.1856241387317 174.35056799971071 138.67644579861286 152.83766096014637
160.01845083355474 174.86549105906258 164.02213951976654 168.70648602196215 169.51197320435986
105 108.78483887866273 104.8574284566243 111.23050805272817 96.7011849239178
99.55171231791419 100.71708867531167 98.3139860300547 100.05134189238449 95.92238462261504
104.20582618031786 125.19026932802578 127.70354140958244 124.0481152424518 128.3170643516742
119.62940282624851 134.1616143086493 137.54509373759379 125.691110809358 818.3997812411478
150.2523209747175 157.33109597643735 169.95650301804224 162.97623248820733 158.0335494172098
147.36862848396791 146.31405099101397 162.4400343389466 157.81064725379565 169.18485649639206
163.60358445420266 150.5131165911932 131.10097033347810 135.37223389145865 145.7115405392069
38 31.485919372635404 28.59781165125798 21.979155586370418 31.23931095736548
25.01949075469189 10.801319804531378 14.17053752149796 23.241640566326979 61
7.7404287534379250 -10.349836079213738 10.430263079730041 10.066340069217926 16.24014177438605
1.5445432046253238 -7.0121563453862645 -2.3911490548563403 -11.736130535990366 1053.6199983722991
16.23076781672637 25.89303537618503 14.337861405652422 13.75225060655339 -1.67045849968884
2.257023886012603 10.549649677088139 -10.430309601078903 -14.628288056465200 -1.272908000422161
-4.4422921003067666 -8.52988379009051 4.1317805530778084 9.783615909265443 10.303676238351503
48 44.13927907764040 64.80109382945437 73.72813372507321 72.884583130029384
51.82012026236667 63.83752935870137 78.43870737179813 65.07705427408878 73.52489540957104
67.368127284595772 70.24330213872523 84.946471062916913 81.2130935959468 68.42889895226818
63.4260769898296 74.186172077070680 71.00097754665494 72.836436478749263 1187.3499933548258
51.3690880276809 49.518283546614363 31.5223914574158 37.513855387090203 16.301107165805313
10.013662551705263 -2.841124694204524 7.460931325252636 -5.3130469883332525 9.352738616795122
43.508345260940267 41.526598139801173 48.556819697559853 65.98221026042408 72.77926419562814
76 69.04172553308975 70.7092527200041 79.986368412474022 447.8150794898206
74.613334810776834 75.59952728143185 64.10623601083529 81.492493172763204 74.1804907035356
66.11340411339766 59.823602547544411 55.18283456624189 67.40819811615593 75.97829159491212
67.88291248457047 75.72111971144935 86.705395937691478 91.45957270604696 985.6373281982435
89.675550157159 95.74724149469033 93.49848109770713 107.01935330576025 124.7690573491629
124.59103181288066 125.57045939033037 133.93758960520566 125.74805619717824 136.0213186391182
128.20401241328756 131.9300121812621 124.8127817913408 148.3942479394573 140.3672887849089
67 58.101634526589 63.726249168554624 54.59715948946371 790.1044179856160
78.313554180092041 51.757789862139063 43.91071599422872 34.32432479834861 21.643691926167755
20.085814840183421 -5.991928076838324 -19.22268427490462 -40.92382744053927 -36.55928282346956
-25.46502104509518 -18.611713793356703 -9.70392935390697 -31.2493629685314 462.66944774233366
-41.153591087596 -56.3402715266877 -42.63051125917801 -32.60589412529733 -11.44031118927347
-19.609662996069204 -40.075520069103497 -44.359265157153331 -34.1115505821501 -23.39075669210653
-26.238942168332478 -15.42246220320818 -12.550861725071753 -2.8875867467146517 4.113288579139782
65 66.88027403486862 83.97820088299621 97.77304568391691 840.4283406592332
52.38793047867976 66.42847017347822 43.54264597824695 44.104781480952077 37.37190578559824
29.505422783368079 36.44519517675116 31.66927866475783 28.41042417090326 31.79345007986822
24.420398382279760 22.346931884519787 21.618335888238498 28.84714955916462 11.073085740473719
17.624856313788811 -5.276600386870335 -8.4877514908967342 -14.08444036884639 -11.24284499313591
-27.9443917932579 -22.80009028693463 -32.770589087615832 -21.255410499503682 -46.531944941674283
-78.95944741984323 -92.08560893931366 -96.44263465333380 -80.8850104378605 -78.40796626585528
35 25.05272458865108 29.237483682446989 36.20573424430873 837.32760923881176
36.371480306017624 50.34785315631476 41.943219170521473 43.98485384580553 54.751378219981952
58.89870185394791 80.92387169238414 70.72401558084324 77.030484120324004 72.8846609939474
66.332249512750977 76.241820724316469 102.5448857254555 101.75425429653727 111.38054301205337
124.04285791055509 139.7001423979428 149.50431105413094 125.2441425361389 116.56367155133124
138.14397489032820 151.83301798852972 138.54118926974292 136.4526418054551 152.11488333683025
150.02729687052246 169.56780127439808 181.4356053526093 179.18144289916629 138.28140560484280
-44 -34.14139743950069 -44.52571091019655 -49.898033235001492 661.303057194414
-20.781384398592166 -10.83512571457626 -15.655160032627464 -9.041466224398723 200
3.300957680586489 3.955472956475077 -4.1155107754265474 -8.713856952294623 -7.130216806711644
-21.431861264129672 -39.15193088751796 -27.23418771321404 -35.039844323323834 -41.117396370439657
-36.868097697764007 -42.917653258206563 -54.412165275172399 -53.1910152900433 -48.352392729349894
-35.350021074310831 -38.30417398299490 -31.72022527202123 -44.04942113473317 -66.4514222534369
-58.62567302525365 -53.50661483893645 -51.68627219223625 -51.988207282776230 -80.78816195231046
-85 -88.343268271252526 -87.471430715935625 -81.973913054662 505.58367019150029
-98.4340442609129 -113.7688266269627 -118.71272087871658 -120.64939972202650 469.00000000000000
-81.415129546930672 -70.146106725599509 -101.21503688127694 -102.76023714457024 -120.21090050196571
-151.2158369207183 -164.50851296176106 -170.30218963871604 -166.27880233499738 -143.58359934372243
-141.49084876682863 -150.5832985566597 -158.41562804352088 -153.02561034894023 -146.14404460459565
-150.743472384867 -150.72925209392864 -179.10938581228515 -178.37345309400524 -178.19913558349975
-188.60792825504552 -189.97360007830548 -187.2432497870891 -177.90647921110974 -202.02910733953303
-45 -78.92385699523058 -86.910565091259713 -92.75549759749173 403.311018532731
-80.768117701983371 -84.42928755063058 -110.94030729012960 -113.6753999503714 643
-78.86744806287956 -80.651091966993249 -78.793074115865949 -89.147122596184872 -81.46435665320374
-82.48374233115571 -75.1070940702696 -81.880746901298892 -84.4791364379006 -73.993952405887100
-67.2387967052822 -52.739869257421418 -80.09600786620922 -96.23481862213191 -103.15386509051223
-124.42547213724019 -127.02118833794165 -117.35684607784913 -113.58275253579953 -99.41600442257021
-81.366278239289016 -67.13983177070376 -67.58194337718888 -41.532611290073056 -29.395749849794043
-32 -25.68747940928215 -1.1189169428325556 11.908922528025176 321.57555924898247
-2.671382979761684 -8.06531405809538 -30.950652395452330 -28.856385902499252 811
-36.781644984691262 -38.942467776316619 -24.06728559107576 -31.2096014730782 -20.13515973079094
0.9073348041112794 6.4672564751238051 24.93224378692484 14.580113453665238 24.330813598759352
13.83656016038857 18.503678288715484 37.69688022482096 34.04736510842915 20.681827333965462
25.53763654998388 32.5074105268759 22.5947346474589 20.21558655068849 34.997132358656309
48.05139594693945 60.33566819298914 74.8681318296895 73.566693788782047 76.2094643703342
-87 -59.068073213258060 -64.973749698933105 -66.9585215497666 311.8313664939785
-87.10295366721628 -68.686066119655607 -63.86994879427314 -65.7428640296381 1089
-46.091060569326018 -59.082920482715259 -56.09317750954285 -54.583273824036077 -54.72183906500567
-54.407592278382104 -56.578304596577951 -65.92113311296461 -60.80283454234825 -53.6806066049736
-53.837685439200591 -35.174151964891806 -46.6483135520788 -51.63408828860406 -61.032898819531042
-46.813351111724593 -37.287232690830081 -24.524397931264794 -30.72084248265525 -37.950269006705753
-57.17516410412405 -58.089246595648028 -62.147519276285976 -53.36871021714689 -38.121805461666057
-111.00000000000000 -112.22127303133890 -111.20909840772859 -102.78184628294777 224.77330078357986
-141.25564342335383 -151.58083066089486 -151.158023705123 -138.3425925059142 1198
-139.49529470941786 -124.19199736805170 -104.56798265686010 -111.34490436582762 -107.77021639220609
-120.37898750576923 -133.46812903707846 -131.16183372195104 -138.2068298415574 -115.5789196005852
-89.0308200705453 -93.36538734999313 -104.70722302708523 -88.7481843672383 -81.92027345128780
-68.97500070913733 -72.65662747805246 -53.054129965618259 -44.920201421599678 -37.311924187135617
-51.2496890294788 -34.69582790080386 -25.40464822878639 -51.053980889102860 -60.107233831870559
-72 -67.568734988300164 -68.785610913306925 -74.950984361985675 176.67632467910221
-69.52274913216877 -72.21660106651645 -83.01292659881898 -62.05039474471074 981.0000000000000
-35.11419992926986 -21.209714717343871 -21.315661248293576 -34.0322565428837 -28.70876430290532
-22.80752581144638 -34.17178780844427 -34.5834521624721 -60.12801740080057 -61.6438555728351
-71.39169872916391 -60.680081481973474 -67.25870429626008 -59.12078752675901 -68.97448762857624
-67.80699945937596 -92.90185839452788 -101.87222075650119 -71.65409313133914 -71.974970734259813
-59.317995661862106 -59.16798316601724 -51.44482609127913 -25.63512998510525 -15.656488625050397
-76 -74.08492215971424 -90.24548992468249 -115.3475435090054 178.05377617813949
-115.62917246072203 -103.99313404670399 -121.7956040795478 -125.5300404896736 486
-153.81983703862247 -162.2237568894783 -158.767115365505 -175.62214995921974 -179.76189368190120
-150.0631860906219 -152.84079997319643 -155.49671372784979 -145.93753852636161 -136.3595892127303
-116.90754670214483 -112.71760186604676 -102.12701641359294 -90.40224498443493 -100.49566355601898
-99.61516658798476 -80.287255941889669 -71.23696042510912 -79.62750304002635 -78.70594697144708
-78.89888624206685 -88.82503742789858 -71.55605946479413 -60.647676886709611 -40.95170460044
