377.4691280663203 15.32595154208303 -57.466901175474746 37.464141677091561 134.8828360470021
41.477121503546428 35.812642723218090 -2.536696473049197 52.01214486128239 138.26006956559968
112.9900248944171 98.61190353351570 41.352733468759695 78.21045704479208 55.858651597518787
19.590190496650465 -5.761687491206576 -50.637569006814154 -77.37741083535857 -22.46633121714287
49.276138890373900 126.43346289540176 195.2361719016675 159.3296492203738 195.9513334282559
234.88963784115361 220.27350266327699 259.5854703566886 209.8120936539537 168.62705098045220
NA NA NA NA NA
277.68633131271764 -112.06168865092064 -156.42922650590577 -150.63977918608228 -216.7866691673535
-255.41168533926859 -257.5966556378752 -254.41486614134314 -209.61904979854535 -274.56241118751097
-167.0725381363933 -204.2586288882572 -254.016363344317 -343.44673818106327 -453.62161720732519
-388.30414880469914 -322.6063481043453 -328.5908187228640 -425.7369760037928 -502.0476047574444
-622.047886992714 -564.36412153253536 -551.640464107561 -656.682621090454 -729.02083812726175
-769.57842044908443 -900.7876327855154 -824.088241808856 -804.42160929521219 -785.729098398346
NA NA NA NA NA
109.51710847026609 -88.011890360651677 16.167682000443065 -54.27334573667522 6.752487433271071
-24.75967692886807 50.56781360367775 97.63615400727612 129.7759633225083 105.48682947038174
125.4286084815856 185.63141759688239 165.3069591916783 103.29780285231701 46.20496505150833
84.791266607943001 116.67000588992215 82.68125800253858 131.1259574947244 -11.143123886774589
-109.60740619453480 -46.45251118020737 11.610931441764627 36.663231363205114 49.39549168593906
125.19703431360514 82.82748229689963 150.1078633705936 58.2505535408292 -62.95724305428043
NA NA NA NA NA
297.4021027217271 74.990349330632014 78.23157903967807 102.685525809222 122.19865779570458
194.03379013868317 146.5772753708949 178.36863438860087 140.8748258666692 113.84751402781234
164.62922712747317 189.96558907573248 189.2759376900011 191.33703179209860 144.57011725884377
180.171988247918 173.77058856777873 144.55010802439676 110.09747308850007 210.74920182618990
234.75429763170254 191.53691308201667 184.31221077736507 174.17513526172650 51.93242800758212
109.17590121232172 5.8216664069659885 -46.43322030285213 28.92001025823633 28.799660862599993
NA NA NA NA NA
197.22545858841778 84.214896817118372 70.9483696175221 40.53956918100027 56.05236284761718
50.376176576684976 -22.54667898893446 -56.32368136350837 -79.287820385708827 -46.683957707142945
-59.751876250157146 -159.09441104323517 -169.68918733471361 -157.1935273516405 -164.73748277219946
-196.83772715856981 -318.5709117302727 -309.7543645042688 -274.3101490554716 -244.8708679113986
-328.07669313574348 -380.6612653352558 -381.85927274045628 -411.90355444419362 -374.3418280208103
-433.41216132853413 -390.3659058683034 -288.30299908844529 -272.28729249942842 -210.38544699260433
NA NA NA NA NA
96.46433704752826 50.422099621022006 40.23029119681024 -26.569601342935343 -72.84172332204916
-34.81737102620887 -5.5628441874061281 5.3851596819994025 20.590089586372986 -31.796551279139528
86.2278264522685 135.30395962413201 110.60547103269781 130.66554448500861 78.93049253498467
114.1622305941883 135.42408406181769 91.55742289444490 217.8646315818226 278.3303529071704
304.9865269285463 310.44308416006959 361.4183241979381 304.93959627807277 222.40888495624347
107.40463082204403 92.2568818652219 84.834180550670553 138.13910376963395 107.73694384157673
NA NA NA NA NA
61 46.94531686505113 89.39628167855105 42.32669413995472 87.054646447530658
156.0166008583287 175.7977912600238 270.83417311051204 258.4883371136298 399.9827278419685
312.7274799124423 333.87129158315963 245.97271528754743 230.42423347331797 231.7919889502831
219.6550795419361 212.00256516139009 201.2277333306151 164.04127005181712 143.5102616937892
192.85405255577456 270.08116866369051 270.6828285448293 278.71206964970986 278.8639450748802
237.3375682406611 258.60547188477 206.21676392520371 263.4041226677047 267.7360778136459
NA NA NA NA NA
103.44730752876418 198.57195174045654 -24.622686332818958 10.226040293987037 19.859349663881943
-4.6731260590628914 12.44595691453757 47.656259519543454 152.37616137558570 78.930987750025395
0.481984317597025 8.2059607542845008 29.662624180029326 34.78676535467373 -1.9209102142120216
65.2906549908309 51.923854060012886 63.918577014426162 -17.34854592640693 5.233886916905018
21.680067562129764 -0.5928244673527843 17.174492199446416 107.34473284928514 -9.146799370463143
-31.907768828512005 -62.58803968758929 -73.0721632785672 -68.36904212412419 -104.67993768264645
NA NA NA NA NA
79.323716197306041 330.1684169160263 -1.3254799154661567 13.26179567049507 -7.301610579595145
83.96112613013918 59.75694784190773 -0.61682554860757932 8.63410041159334 -23.966456406841019
-44.65257149212458 -13.661611454985604 73.76346056140108 -28.2481432049427 -40.05477720618221
-7.426129222432472 16.393040649875534 3.985790517155277 -9.263768318690106 -76.00105192658967
-116.69246856388804 -191.09887197980063 -183.57469265950601 -104.93915104261804 -64.57500442769256
-59.284517185139016 15.430821679962413 44.401700665153371 63.6448847632068 95.94870740794865
NA NA NA NA NA
-17.574415740483730 248.1002073361633 -81.20785561549980 -65.160514525186656 -69.58089006011706
-2.345697433922979 20.805471561103239 -10.39670649638086 68.99950386885935 91.87950854749712
56.266239968029318 -25.412574680595988 -95.74198884324936 -155.83533818362139 -203.5566943943918
-186.44698555088485 -232.47300251743104 -238.53110878393531 -273.9191837934009 -259.9696270349759
-201.7173271028623 -227.2908969387356 -229.7800395096158 -214.97012314973389 -171.64155768735685
-117.35779353363823 -168.61079160149961 -125.48769182745703 -49.97222402109128 -49.48096823259377
NA NA NA NA NA
15.698782115476343 255.0114743804093 -2.0001570128912221 -12.71472230305246 -85.06466494243757
39.24476472165603 -25.80688277197282 -29.90409808880804 -114.82391581790642 -75.129629318924785
49.94129973759638 51.689877406193965 73.08963582859803 42.16092015997860 79.374005994708682
144.75814347668012 130.4397147843089 128.04082570488404 13.688063452238694 112.8748888083527
79.013948294627397 83.01981276855112 82.41678802654405 -3.361302125573147 -57.83212038582684
-23.72681736354239 -28.91952259627495 56.827086095444251 137.31411148379581 243.11906341049703
NA NA NA NA NA
77.70927904072995 354.08900080693729 53.793762659484052 92.26245584733877 100.35824565422189
-19.071305116700245 -12.63001262209207 -70.86981126464275 -85.8041559248622 39.268956780734797
37.922774063609303 30.259717539322285 -9.311197034485112 -27.689628992608512 -53.238971756729761
-87.1680177747545 -175.23245157252987 -194.49791205915952 -152.76781185876612 -131.8768489162729
-132.63186027647731 -206.79933995917804 -172.6380863734895 -73.475313153374316 -117.85418560515579
-240.46721712844803 -257.71791127376400 -332.9037939598066 -302.66248496392620 -348.78680391243734
NA NA NA NA NA
200 208.256067142776 165.73361347626616 251.8075816084245 286.1919862124512
244.34279038521703 207.2884840584248 255.03319157225087 188.85288817007944 250.87536924986199
280.4803308938452 357.51111280139662 319.44108177343156 321.83829673974401 251.2651250216892
172.17670417563227 133.36091304535211 213.33745363441221 120.14337576218404 116.9434324758481
90.79746977227951 59.5194964844142 74.486679882924648 55.757306652705438 -4.179343368874996
14.271680158997469 51.29441731223596 118.73426313610827 152.12073921648553 153.9981109171571
NA NA NA NA NA
469.00000000000000 563.2930412854156 490.7796850439723 478.6189382791077 464.3832057153841
534.320541422464 521.4964047997016 492.5207884332286 527.54630878592639 440.5287945907138
487.671170379239 487.9208179477176 470.47116687957941 441.51189409912172 397.6422355042618
448.12267982131664 471.9292470695763 486.07923983618468 502.95002123165415 511.8046980998996
625.2272660032316 671.44775411409842 677.1097937309938 667.5067078983042 710.6456620603788
780.5209262235987 842.691628749898 883.6235355701406 852.6887185878563 904.0507437177047
NA NA NA NA NA
643 629.98872928917581 768.1570605766530 741.80160810267864 828.07017304610065
839.27604955103811 791.7097020225291 831.956419435495 855.852802988617 845.85328151571730
702.2246835263683 686.33705318996385 647.2287070384865 645.517799731409 719.26218614422339
760.070213257417 814.4294600128578 814.825634391721 863.8611348441685 828.6249714335778
867.22131444883473 863.709920793853 864.0918878992335 913.7704188492155 952.3771038665911
927.6656193071747 868.7814203750540 852.64273285264187 896.4014662231396 817.856208111259
NA NA NA NA NA
811 826.8558164571270 804.2324612113080 733.784262391201 739.4588338196196
697.25368613573971 703.3630178019242 724.4564798356398 725.1615477889703 874.557584378028
852.6790721428279 861.5232751906457 927.7158959226025 821.65222971983144 833.03246878140590
736.4812193095510 773.368314229746 692.5915500685574 759.9055651547792 803.7336721627925
792.66920713938111 919.7042098157 770.5774346033969 836.3608399114677 839.3540178129377
869.30840342516490 825.074103723081 811.95719969610695 788.3841415910163 761.318776157123
NA NA NA NA NA
1089 1019.6583205159806 1024.6618348171128 1025.4868373500813 997.1678721936302
1035.6989441938686 1042.526172171153 1010.764070676411 949.3529043180944 911.3551986771855
901.5941336677118 937.6224552806497 875.00086115502154 793.3597302357576 787.1858458168855
865.5526244467467 891.4292928686514 851.0505962613325 895.4557675048860 908.2129372839202
988.5950831740665 962.5855244415372 955.1092793916869 1032.0891559457700 1105.4630646961864
1238.083150628587 1205.284554420731 1207.274097354068 1189.1555382291140 1254.7964066971817
NA NA NA NA NA
1198 1178.260273099106 1144.345750336227 1068.8030981825993 1188.2447286980330
1125.3723095816638 1100.4744047230988 1153.4123952548493 1172.557493408981 1221.3293501146088
1172.216803185982 1136.646361971542 1087.9952033764491 1175.6255263671096 1144.3464590277783
1108.4785863504685 1184.519115673618 1218.602780458918 1200.6210117989633 1098.777188176982
1102.911887386269 1056.4735208787015 1001.0099895547130 916.4252629151812 1058.288627902055
1055.6458716263660 968.6100933458166 958.707628701657 899.262765620684 1027.9582462372600
NA NA NA NA NA
981.0000000000000 991.5523199591374 947.4794382105613 889.4413970925732 832.4441200445006
792.5520275768046 723.6912175353408 850.90213429521953 835.0623825394209 833.627595020846
784.45248365691566 706.957973604705 695.8133153811386 786.5749117822294 762.807245267625
765.8718711522307 800.5263972547643 813.58395499007668 878.9570227412729 952.1225244951083
1024.839736683432 914.9059977868732 969.8322164243214 986.8053358435999 1001.7021289027780
1054.3436130261198 1098.6075693802452 1027.2394921940838 1087.7928922150115 1069.7025385279194
NA NA NA NA NA
486 439.9718664239621 403.42376897816007 368.1894373830539 378.386873141853
376.9765880535995 434.4980201207875 373.03201799168164 523.60371662488490 559.2749871275828
545.11741996082640 478.2290289144867 585.81724656942731 558.74506082748883 488.2988546153189
578.088228658546 637.9300803876586 670.9632812145024 683.098891715628 658.23267500986026
649.0650551548274 612.666109943539 568.30861694637701 639.5552666690046 765.49486455380622
863.3632207522380 825.8077894698940 785.89140391210515 899.8661082471453 879.1925862875179
NA NA NA NA NA
-107.00000000000000 -30.84911158463451 -35.09955481346529 -35.32927354168815 -25.114733589131873
3.422496672914345 21.155667403084770 44.726238443927201 -3.1032329720894083 -19.0538655149313
5.470493909080005 -31.31115666850393 -45.10889636632380 -26.616017716603569 -57.391969430766054
-6.8734693771653710 -61.82520084912959 -155.08020647436044 -207.6628537454662 -261.66235417997450
-225.1980949374998 -263.63150504173353 -205.72594512370921 -112.09975828032434 -120.34236774870706
-83.283474471487750 -125.81619520989994 8.750678263084907 49.84875745433945 27.52156686715878
NA NA NA NA NA
-595 194.22516437340875 -597.85885880813498 -615.753956957967 -646.8892487613891
-493.97643340374 -578.26714175658026 -606.15454898682083 -599.57102410810955 -599.7245816946894
-681.9070393087800 -680.54790584132741 -612.48311227328099 -710.1679544552214 -795.7868615856528
-769.49165605922315 -855.386182741968 -807.4110187020035 -826.32782992664227 -840.1874252228205
-812.02938811378351 -880.5449037364895 -876.890167981243 -842.49131743879684 -738.78636329791652
-832.529098560731 -849.10198556812816 -885.80451084938647 -889.19853729221620 -936.675710415758
NA NA NA NA NA
-861 -46.36106266571613 -762.964369462416 -784.96364287892357 -837.5563909777728
-842.1756685537674 -812.389742357334 -778.5985814526412 -797.5073121277732 -867.4014237951009
-913.0753926968432 -914.9810410505351 -912.3196651468901 -809.54038181237684 -735.61553102484254
-690.345895990191 -594.9589122690437 -631.975635676896 -669.1287704145129 -729.6205309992827
-728.28338777583122 -790.07229484178254 -809.31738699203026 -854.2254603261213 -882.4489508582764
-796.04042894819258 -757.44541571666480 -817.2346043556672 -731.2404642655257 -763.072299003356
NA NA NA NA NA
-974 -217.86567467860695 -1024.2577192121423 -1074.577084854641 -1102.5055085701968
-1094.5669420000695 -1185.3155168541607 -1223.732655522092 -1275.3155645667655 -1254.5957084377080
-1282.7526193547258 -1186.5395191192790 -1107.698436288583 -1117.6703049510170 -1145.1696190521573
-1122.6798404509614 -1100.8752778093622 -1054.6826971582418 -1020.2615480969725 -1037.121418470565
-1049.414973419346 -994.3995355710329 -973.2622340449066 -909.449085597495 -895.96668090309322
-924.2399849028794 -991.461834705504 -1007.4774180543158 -1024.5158866468309 -989.953475802925
NA NA NA NA NA
-1027 -111.29886268944827 -1011.8602557810818 -974.693678540882 -979.6493860234908
-932.1982937913630 -895.21558477169049 -849.4945909424870 -831.7328776061756 -820.14186526111496
-839.610659979801 -856.88980270712534 -872.1221791546374 -741.3629843917761 -739.9556901415521
-792.335805598158 -850.8374054814429 -816.51188069824786 -775.6778794716984 -701.7839438775286
-690.16943808560325 -713.1888851728397 -779.896488873397 -755.50710084071329 -777.9520287550373
-785.2836444293304 -810.6338179355586 -788.6464758347009 -780.7003033072968 -864.99011185178597
NA NA NA NA NA
-1008 74.75161270672830 -887.9354991615372 -941.1250662942481 -871.55626651587590
-857.90278175781668 -849.20235335260725 -820.12286871909191 -769.8514939438547 -788.8844050605773
-803.6763069555493 -784.1717439422605 -709.207713902694 -712.759596588532 -742.5561449240447
-768.898212127043 -850.37310305933499 -892.11768941125251 -846.8775979472027 -749.7011151238402
-654.39414238059203 -640.6932288164936 -616.37270613768044 -659.0998154657580 -829.70847098617014
-828.9388316290310 -834.80197627231553 -878.20420795606253 -894.881344153484 -870.6788322285023
NA NA NA NA NA
-871.00000000000000 -36.429065106783575 -910.9845534936117 -955.298922672718 -923.5816048650674
-958.7269130552163 -923.5509941532033 -872.9365448184388 -993.9800351073467 -982.763797084654
-958.28312690857 -969.2831195994314 -1037.7422927906659 -1018.0567558732804 -1065.8115788096636
-1105.5244433787898 -1107.4323866450429 -1157.8664084491795 -1208.4767723660602 -1169.3348075637955
-1219.813554844059 -1245.1982053196355 -1174.8621532919913 -1144.6552727172207 -1139.5244298391053
-1017.1092875656616 -989.363211319651 -1014.2948543971110 -1040.2878630722573 -1229.5859743961355
NA NA NA NA NA
-753 -140.65820196609974 -838.9748932069805 -832.13983054034532 -792.0594842261428
-676.08226944722855 -709.67155881684403 -708.0845828418850 -754.84212981539622 -784.95558756348680
-798.1055050462114 -724.46339690938805 -684.7741299398026 -596.2742418546388 -686.2826635074273
-808.85555182907990 -801.8661876840898 -789.206091630976 -832.6801540442058 -858.02676026547260
-835.598913374742 -731.9272916054908 -710.4451888250713 -694.74865109193320 -694.6465117602901
-669.6441270397985 -704.08466807530760 -636.4147625216494 -564.17196378261656 -620.49754661163081
NA NA NA NA NA
-660 -64.58524374994869 -616.6335545259286 -682.893505428452 -638.1568116447575
-598.7207253647753 -649.151860827256 -676.1254495281793 -744.47872682885 -747.9366713851007
-751.42265247152670 -770.085942212268 -707.1535443823642 -769.4222919411843 -778.74002316773749
-860.1774944273337 -903.889393469182 -961.641430904171 -896.27241608073803 -886.0537014026079
-921.4836322110713 -998.3704645407158 -1037.1629211418444 -1121.3606246686224 -1037.2629889237921
-1168.738213329053 -1167.0283145510293 -1223.8006311268600 -1192.1277771096379 -1216.481801126703
NA NA NA NA NA
-563 -210.75546284108785 -554.21512247853479 -540.87873518523861 -481.98555090240410
-478.80467592294980 -449.812866154172 -358.55046652659678 -354.14887423170700 -285.1256977373436
-235.0173138099782 -197.6302622208764 -212.52153298220460 -81.5974849009592 -89.814914076609327
-109.04479436580094 -208.9526510950514 -166.24453652020497 -284.73037949876993 -208.9778596448015
-250.14008212823268 -306.60280853145201 -295.5662121731277 -254.12753455210287 -311.0258915840938
-297.933130056398 -259.21552391223503 -142.30184265060012 -37.63374238345762 -60.29823149444972
NA NA NA NA NA
-483 -575.58325878493690 -617.23394229029202 -660.44107006863680 -645.0898037934098
-584.9790558218377 -601.5374023826723 -541.40165445986383 -614.75472916880585 -627.76970146459757
-549.0047774761875 -535.3519866804936 -543.99719104592828 -513.3576034298585 -491.62562678586460
-424.78442969342507 -480.89352137281116 -437.40642244467278 -465.41091658524010 -471.3197452889928
-488.45034450994456 -464.2960260469163 -479.07658756439992 -499.6914542204519 -491.435205397842
-466.3448369118105 -500.4698138386136 -555.0114509665739 -569.187802367959 -569.8744280622884
NA NA NA NA NA
-442 -310.339206625882 -252.3997888494200 -158.2091418030295 -224.28567690594605
-285.690778733843 -223.24769948955188 -259.67908684856019 -216.3879749143663 -166.3568142761297
-60.73879193857236 -77.4995107223108 -86.07102207436580 -121.506669492727 -76.24122439221493
-6.1380647076643555 55.923526671509578 26.035950589298100 128.1052560934172 111.0713262941336
148.03466129031690 99.52528756790495 24.215128091566015 26.208758669919245 44.68463057603778
48.684241745847302 140.12384734732245 175.7919154313983 230.53629578601681 341.6240502358819
NA NA NA NA NA
-376.00000000000000 -317.77776631993669 -355.93650415840921 -344.098502233834 -346.68563994196666
-322.56331247904052 -322.9215757704076 -422.46747091369906 -399.0609664612493 -353.713053691288
-354.2382772008262 -350.18183817612544 -256.38788734991476 -181.88320045153114 -213.6767627567606
-192.31934610735848 -189.73786497179958 -159.857188128713 -181.84839214981039 1.8918608766861382
-8.955311620087747 -71.14276432941362 -78.54494693763972 -4.43294658715213 -29.232631138361420
5.3300066436361000 94.14702193932993 47.169409545173401 102.59359634872065 70.552019487636841
NA NA NA NA NA
-305 -333.95584968357724 -223.81280649568745 -243.1673403036038 -231.32155922438071
-313.7723241776293 -367.62988423122135 -306.8236956488608 -244.92343744170256 -256.34608792120486
-236.8315750979287 -192.91926220463773 -165.29724690749117 -216.4092602829264 -253.68539141422494
-234.866692103392 -244.8384310325214 -275.9393887206710 -252.9988316553493 -239.3524284137941
-267.4870825911190 -369.3102498591865 -315.06219155919376 -354.588819783396 -376.5274921230365
-298.65318089075674 -409.1480145980321 -323.2406180075688 -330.8594136141436 -194.2072037294769
NA NA NA NA NA
-276 -400.92090684162258 -382.3466112310393 -381.233634858767 -369.05476337746830
-340.9405860206568 -426.48081876631733 -397.76107613789372 -374.34937589850347 -426.3432876902893
-282.7634837931286 -246.08268502231959 -285.50780914950599 -325.78750838250176 -389.46832982398655
-438.87647316263735 -379.7841659941413 -312.57361434164017 -275.5319505284336 -247.2817922760063
-216.53623220272891 -143.3280245797471 -159.5266291477278 -143.9294802603114 -207.89287960740512
-272.30862496628538 -217.4598305698378 -222.97340010198729 -310.9631710195727 -359.5916308353227
NA NA NA NA NA
-236.00000000000000 -258.7869601870939 -304.27007186701940 -289.2295428150058 -251.48466423194273
-302.15427003677905 -243.7219573348733 -188.76663234132295 -203.8263448282948 -133.2700686193387
-97.67858972295073 -125.83636194920443 -153.56862669557313 -221.94819652304619 -287.6914256005039
-322.308019084956 -278.9188151234211 -327.0605155107467 -246.4996044291617 -248.43687758536441
-260.8994367725502 -222.61750772715209 -286.0020675373088 -248.77676439696302 -139.95506425439805
-141.00853147679322 -177.9250158688534 -185.28041914279476 -246.22752546696495 -208.18240872598702
NA NA NA NA NA
-165 -128.55826645315682 -191.4939912973372 -339.72722559104875 -337.1973546160253
-287.54971075296174 -270.36609125943914 -235.9743809145847 -338.50293978064161 -382.0245475217442
-349.9693223470647 -366.223582320293 -279.62576707456407 -233.4017482322735 -267.4559474585166
-340.96993114135296 -274.9477466468838 -282.9598802125751 -310.2026048298414 -249.0974389474086
-189.98575105566795 -263.92124476358453 -200.26782612028745 -345.007594127901 -394.8729836465055
-413.9340719016323 -314.0989345256988 -317.2288324637606 -273.16073705484746 -339.5633029111887
NA NA NA NA NA
-50 25.01428800346162 47.717419790756800 137.10452946118932 251.30763234412507
307.94502297226325 319.6553872036097 292.95349623312421 314.6958040392946 325.40798127864679
338.7551191169116 393.0546559626754 409.4046001942743 332.28372243484591 434.0917674890984
494.39123406560930 517.8008058613882 465.8936708702345 438.6369462479351 404.0397999132125
410.70629888109704 376.74425806552080 447.7896469956944 476.16496982086545 487.17803957637386
475.5925350419055 429.7567108217347 416.41620862737932 368.6617144518366 375.3126807341539
NA NA NA NA NA
36 67.904041413069749 33.98539379668389 17.153819012376854 -8.9517358470483
77.18922939108980 24.73660270906102 55.523621392862822 143.17696451589211 132.75759358780826
236.11203308153 179.08359054163859 238.1624000368039 307.16690425567310 319.51118719612572
359.5436324517672 319.7684143949035 350.53763497448665 346.8593930387638 216.34397888378248
192.60471204943241 96.91134636291126 86.2601960935194 69.92332651009167 93.6535190731499
59.72910157186683 80.4222737755746 72.80541502077688 73.74330829067337 152.26393933921941
NA NA NA NA NA
125 29.71048627404495 51.46083110534331 126.91365221332367 142.5288976333419
79.45329997480547 31.381942749514089 2.2084129505962800 8.6556173443081992 -69.33230887178613
-83.76472556558258 -133.41559630877663 -208.08075415168571 -186.10984128479893 -261.95895246058961
-278.3174748080015 -346.2550863249558 -347.4152659842595 -334.0507722150043 -382.280630809398
-320.5401768693830 -254.10296954857600 -299.5250299957792 -433.151232102449 -529.59345205603006
-518.16495735771787 -428.1590577530997 -369.3244963698326 -362.74524522529322 -474.41369037892559
NA NA NA NA NA
