-9821.747 -9821.748 -9821.748 -9594.906 -9580.363
-9650.763 -9369.69 -9610.043 -9610.03 -9146.763
-9083.892 -9095.206 -9103.45 -10184.01 -10130.83
-9770.69 -8774.465 -8531.303 -8579.091 -8582.89
-8579.71 -8587.975 -8388.407 -8394.723 -8394.701
-8190.397 -8190.387 -7986.842 -8102.842 -7968.708
-7972.152 -7982.055 -7985.58 -8788.586 -8770.134
-7742.684 -8004.34 -7765.422 -7762.656 -7753.946
-7755.875 -7755.796 -7756.199 -7747.46 -7756.177
-7754.897 -7754.896 -7517.179 -8206.363 -7290.998
-7272.019 -7401.772 -7202.272 -7079.242 -7082.337
-7083.93 -7028.382 -7036.591 -6778.099 -6778.037
-6702.548 -6471.834 -6572.499 -6341.005 -6339.884
-6341.899 -6341.899 -6342.099 -6341.88 -6370.486
-6342.367 -6342.016 -6256.37 -6336.348 -6341.647
-6341.15 -6340.972 -6342.077 -6342.076 -6342.188
-6341.561 -6341.39 -6339.801 -6342.5 -6341.448
-6546.164 -6405.294 -6403.671 -6399.92 -6399.92
-6399.92 -6399.92 -6399.92 -6401.543 -6401.543
-6496.184 -6401.599 -6401.53 -6394.816 -6401.543
-6401.543 -6357.762 -6412.833 -6409.028 -6401.567
-6401.567 -6401.617 -6401.544 -6401.544 -6401.335
-6717.794 -6717.794 -6401.69 -6400.515 -6399.496
-6401.537 -6401.987 -6510.903 -6510.919 -6403.075
-6401.553 -6401.542 -6401.541 -6401.543 -6400.955
-6386.161 -6327.113 -6327.906 -6327.893 -6402.4
-6391.326 -6370.267 -6370.575 -6346.5 -6345.889
-6396.814 -6396.311 -6396.316 -6395.766 -6398.083
-6395.759 -6172.84 -6200.969 -5981.287 -5968.276
-5952.62 -5952.626 -5952.54 -5952.622 -5952.622
-5940.562 -5937.267 -5937.851 -5936.037 -5923.127
-5857.936 -5981.165 -5981.155 -5936.001 -5936.001
-5935.31 -5934.555 -5931.866 -5933.421 -5933.458
-5924.933 -5925.426 -5925.509 -5925.509 -6005.911
-6013.333 -5936.928 -5938.599 -5925.114 -5897.926
-5926.305 -5926.305 -5934.996 -5934.629 -5858.571
-5931.545 -5954.446 -5921.387 -5936.541 -5936.568
-5936.574 -5917.426 -5915.446 -5912.474 -5968.712
-5951.111 -5951.111 -5951.111 -5985.024 -5934.391
-5936.334 -5936.334 -5899.859 -5949.712 -5936.593
-5936.335 -5936.335 -5936.301 -5936.301 -5936.309
-5936.317 -5936.31 -5969.531 -5991.557 -5991.557
-5991.48 -5930.346 -5930.346 -5930.346 -5930.345
-6364.552 -6347.681 -6349.829 -6220.246 -6209.357
-6210.747 -6211.345 -6218.657 -6304.26 -6309.585
-6321.984 -6311.2 -6143.766 -6410.267 -6448.489
-6186.278 -6221.626 -6201.927 -6181.748 -6358.585
-6224.557 -6224.557 -6205.342 -6205.342 -6220.297
-6221.389 -6220.429 -6219.687 -6219.906 -6219.91
-6219.909 -6219.897 -6219.992 -6441.732 -6178.86
-6181.549 -6217.772 -6224.792 -6225.867 -6219.592
-6219.603 -6219.604 -6219.572 -6218.992 -6219.604
-6219.55 -6162.26 -6162.26 -6160.876 -6160.697
-6160.697 -6205.314 -6205.253 -6164.605 -6220.838
-6209.838 -6162.624 -6169 -6169.017 -6169.017
-6169 -6169 -6169.741 -6169.711 -6217.294
-6217.294 -6216.971 -6216.796 -6215.909 -6200.937
-6190.96 -6192.655 -6216.486 -6215.773 -6211.154
-6212.222 -6269.416 -6181.795 -6183.267 -6214.637
-6214.156 -6217.331 -6217.332 -6217.324 -6217.324
-6206.97 -6238.811 -6215.332 -6225.101 -6225.101
-6224.748 -6227.46 -6224.401 -6215.838 -6230.638
-6231.165 -6218.996 -6236.718 -5977.596 -5977.597
-5957.952 -5957.906 -5961.647 -5964.904 -5964.894
-5937.535 -5935.513 -5930.24 -5936.642 -5967.619
-5958.623 -5958.854 -5958.855 -5958.674 -5958.075
-5965.66 -5963.624 -5947.49 -5967.297 -5952.819
-5952.819 -5932.699 -5887.136 -5957.483 -6018.939
-6013.587 -6013.587 -5956.891 -5956.891 -5955.713
-5962.079 -5909.698 -5953.046 -5961.432 -5961.675
-5969.648 -5969.438 -5953.212 -5953.402 -5969.438
-5969.422 -5969.411 -5969.4 -6003.03 -5969.391
-5990.947 -5961.976 -5956.961 -5988.271 -5974.252
-5974.249 -5969.173 -5969.014 -5969.013 -5967.26
-5967.26 -5967.335 -5967.433 -5966.542 -5954.043
-5967.769 -5983.386 -5987.014 -5986.054 -5970.561
-5969.497 -5967.459 -5972.139 -5971.459 -5971.459
-5973.154 -5973.014 -5974.702 -5974.758 -5987.007
-5974.651 -5969.539 -5968.055 -5972.323 -5975.584
-5972.119 -6009.965 -5971.978 -5967.162 -5967.162
-5972.317 -5966.362 -5966.009 -5973.034 -5972.935
-5973.162 -5919.719 -5919.719 -5972.776 -5960.87
-5961.256 -5964.228 -5947.125 -5955.464 -5954.045
-5968.125 -5968.128 -5971.513 -5967.352 -5970.341
-5970.372 -5970.489 -5970.319 -5906.561 -5937.67
-5940.051 -5938.066 -5970.73 -5988.394 -5988.416
-5954.237 -5954.237 -5991.804 -5973.06 -5973.06
-5973.178 -5972.613 -5972.739 -5973.006 -5981.193
-6007.335 -5998.946 -5957.053 -5969.728 -5967.507
-5969.085 -5969.694 -5969.694 -5965.979 -5965.979
-5961.342 -6143.674 -5961.355 -5950.267 -5942.493
-5943.209 -5960.507 -5960.432 -5960.494 -5960.474
-5960.473 -5960.474 -5961.047 -5961.047 -5961.047
-5960.131 -5960.131 -5960.154 -5912.623 -6005.247
-5957.92 -5915.372 -5915.372 -5915.344 -5961.25
-5959.583 -5964.898 -5959.752 -6008.031 -5951.916
-5951.916 -5965.958 -5965.434 -6017.378 -6013.602
-6013.498 -5991.978 -6015.486 -6009.185 -6009.192
-6007.431 -6009.175 -6009.168 -5987.137 -6001.062
-6009.095 -6009.171 -6008.579 -6005.561 -5966.135
-6000.836 -5988.523 -6009.181 -6009.181 -6009.162
-6008.994 -6009.126 -6009.126 -6009.174 -6008.184
-6011.169 -6192.94 -6192.94 -5947.381 -5981.362
-5981.353 -5981.353 -5981.353 -5981.362 -5997.987
-5996.122 -5968.231 -5968.233 -5968.475 -5989.983
-5994.526 -5994.526 -5994.237 -5991.191 -5952.405
-5952.405 -6016.429 -6278.235 -6281.061 -6008.97
-6017.476 -6159.074 -6159.065 -6157.44 -6016.366
-6016.366 -5967.3 -5967.3 -5954.575 -6016.303
-6017.467 -5951.87 -6014.74 -5993.488 -6013.806
-6007.053 -6004.844 -6013.529 -6015.85 -6015.893
-6081.208 -6015.074 -6015.946 -6016.488 -6015.78
-6082.092 -6253.027 -6015.744 -6015.573 -5950.942
-6015.989 -6018.496 -6018.473 -5774.337 -5775.93
-5775.912 -5776.602 -5776.609 -5776.194 -5810.273
-5810.148 -5793.52 -5793.52 -5825.965 -5628.192
-5698.236 -5698.236 -5698.236 -5627.557 -5627.557
-5627.565 -5625.299 -5627.002 -5626.99 -5585.738
-5551.789 -5551.789 -5551.799 -5551.975 -5525.822
-5525.946 -5525.869 -5547.88 -5547.881 -5530.35
-5539.059 -5547.12 -5551.781 -5551.823 -5551.324
-5551.986 -5598.532 -5599.021 -5546.925 -5556.822
-5542.522 -5530.736 -5530.736 -5550.924 -5545.683
-5550.897 -5550.911 -5548.822 -5550.914 -5550.927
-5545.478 -5513.392 -5513.405 -5514.531 -5550.912
-5539.02 -5539.02 -5539.02 -5538.841 -5541.19
-5541.894 -5541.759 -5541.894 -5541.523 -5543.226
-5517.743 -5542.159 -5542.719 -5547.227 -5606.172
-5606.172 -5521.61 -5521.61 -5539.035 -5538.086
-5542.408 -5542.385 -5587.679 -5581.476 -5548.064
-5548.078 -5486.871 -5543.048 -5542.242 -5543.538
-5541.302 -5585.014 -5545.134 -5544.771 -5544.771
-5542.591 -5543.008 -5565.664 -5565.68 -5540.408
-5540.419 -5540.535 -5519.631 -5542.216 -5538.498
-5538.442 -5537.937 -5537.756 -5537.864 -5537.865
-5538.189 -5538.38 -5538.091 -5538.173 -5710.977
-5711.028 -5711.027 -5711.219 -5759.963 -5751.937
-5764.165 -5715.04 -5715.098 -5763.174 -5763.174
-5763.178 -5763.279 -5763.235 -5726.132 -5725.095
-5749.037 -5763.225 -5763.427 -5763.427 -5842.443
-5833.251 -5765.836 -5765.849 -5765.88 -5766.949
-5748.061 -5743.049 -5746.433 -5769.554 -5768.889
-5768.99 -5769.8 -5760.092 -5759.288 -5748.889
-5769.791 -5769.79 -5768.759 -5768.756 -5769.608
-5769.546 -5714.501 -5769.3 -5745.261 -5747.654
-5775.975 -5775.975 -5819.377 -5778.633 -5782.704
-5783.202 -5783.217 -5774.01 -5773.113 -5772.613
-5773.412 -5776.497 -5776.814 -5796.189 -5745.26
-5704.158 -5771.721 -5771.717 -5785.627 -5745.674
-5749.523 -5764.864 -5782.925 -5769.99 -5794.395
-5731.394 -5781.429 -5781.429 -5781.57 -5818.616
-5753.157 -5753.231 -5752.21 -5781.688 -5781.715
-5781.774 -5766.256 -5757.073 -5783.69 -5785.125
-5782.636 -5782.136 -5782.946 -5794.155 -5779.083
-5779.003 -5777.242 -5777.313 -5779.569 -5779.574
-5754.474 -5779.51 -5859.821 -5859.93 -5692.311
-5654.558 -5657.71 -5651.239 -5585.268 -5589.199
-5597.109 -5596.802 -5602.728 -5573.796 -5573.796
-5573.911 -5573.906 -5573.897 -5573.902 -5573.899
-5573.894 -5573.902 -5573.823 -5573.631 -5573.913
-5574.258 -5574.252 -5597.9 -5572.582 -5547.449
-5563.952 -5565.101 -5574.357 -5574.352 -5574.365
-5568.858 -5543.674 -5542.025 -5562.346 -5562.553
-5583.277 -5562.477 -5567.969 -5567.973 -5568.757
-5567.45 -5568.393 -5535.478 -5607.483 -5625.485
-5625.485 -5578.937 -5576.211 -5572.806 -5574.323
-5568.349 -5568.764 -5554.344 -5546.176 -5546.176
-5540.02 -5568.313 -5568.204 -5568.204 -5567.902
-5564.88 -5554.968 -5512.334 -5571.331 -5571.331
-5571.566 -5571.559 -5571.545 -5575.352 -5574.821
-5555.764 -5554.832 -5554.404 -5554.404 -5555.32
-5571.569 -5534.846 -5540.002 -5539.961 -5541.117
-5541.165 -5541.158 -5506.485 -5506.485 -5498.881
-5509.039 -5509.046 -5507.189 -5574.117 -5574.094
-5577.749 -5557.279 -5557.346 -5496.934 -5496.934
-5496.934 -5503.251 -5503.251 -5288.569 -5288.569
-5340.995 -5341.081 -5341.42 -5349.165 -5349.176
-5348.694 -5327.767 -5327.753 -5327.804 -5348.968
-5348.055 -5348.055 -5347.967 -5348.056 -5348.765
-5344.829 -5341.612 -5343.61 -5345.279 -5348.938
-5345.001 -5330.687 -5345.251 -5345.597 -5340.033
-5348.836 -5344.382 -5344.04 -5313.63 -5312.549
-5312.549 -5327.974 -5344.467 -5345.175 -5332.399
-5331.055 -5340.511 -5341.739 -5350.754 -5350.754
-5324.096 -5323.992 -5323.992 -5323.996 -5322.939
-5335.869 -5338.85 -5338.85 -5340.934 -5336.267
-5336.267 -5344.948 -5347.244 -5345.751 -5345.727
-5345.723 -5345.661 -5345.751 -5345.336 -5341.807
-5341.807 -5345.336 -5345.689 -5345.456 -5341.631
-5341.276 -5336.135 -5341.951 -5341.977 -5343.173
-5341.2 -5340.913 -5341.128 -5339.817 -5339.09
-5339.088 -5339.088 -5339.088 -5339.09 -5339.09
-5335.409 -5341.124 -5341.124 -5330.599 -5341.202
-5338.59 -5337.861 -5330.529 -5334.982 -5340.87
-5340.486 -5340.486 -5305.728 -5337.412 -5340.486
-5342.096 -5342.183 -5341.114 -5341.114 -5342.196
-5342.196 -5392.309 -5394.067 -5393.499 -5404.851
-5393.988 -5393.064 -5393.18 -5397.108 -5332.965
-5395.016 -5397.11 -5393.495 -5393.636 -5393.666
-5393.725 -5393.817 -5393.77 -5393.816 -5393.816
-5393.994 -5393.908 -5383.286 -5358.786 -5363.534
-5365.511 -5388.034 -5387.617 -5388.017 -5383.497
-5383.544 -5394.21 -5393.66 -5393.653 -5341.616
-5390.914 -5415.454 -5394.149 -5401.413 -5397.956
-5398.012 -5381.958 -5398.112 -5398.669 -5390.576
-5390.578 -5395.991 -5398.635 -5405.467 -5404.91
-5382.696 -5402.18 -5401.925 -5398.519 -5398.521
-5400.059 -5400.204 -5400.22 -5405.379 -5405.381
-5405.382 -5405.429 -5405.427 -5405.428 -5405.428
-5405.429 -5405.429 -5397.209 -5394.157 -5394.63
-5394.584 -5394.625 -5394.592 -5393.842 -5394.159
-5394.159 -5394.909 -5394.903 -5404.072 -5404.072
-5404.078 -5404.082 -5404.079 -5404.779 -5403.612
-5404.129 -5404.594 -5383.238 -5446.213 -5426.692
-5381.128 -5402.61 -5402.953 -5404.547 -5404.346
-5404.406 -5404.54 -5404.54 -5408.048 -5408.033
-5408.359 -5402.935 -5387.655 -5389.896 -5389.895
-5389.896 -5384.084 -5468.675 -5468.519 -5468.674
-5456.652 -5468.604 -5503.458 -5468.072 -5435.612
-5435.612 -5457.288 -5457.288 -5436.643 -5466.311
-5468.051 -5460.696 -5468.672 -5468.14 -5468.14
-5467.946 -5467.953 -5467.855 -5468.268 -5468.224
-5468.224 -5468.284 -5457.806 -5466.748 -5466.825
-5466.055 -5459.2 -5459.204 -5445.836 -5459.2
-5458.696 -5458.696 -5466.055 -5464.652 -5468.137
-5471.95 -5466.302 -5463.585 -5464.592 -5457.577
-5456.195 -5461.098 -5463.64 -5456.784 -5462.861
-5461.57 -5463.564 -5462.975 -5454.664 -5463.325
-5463.639 -5463.642 -5461.361 -5462.334 -5462.333
-5460.868 -5460.86 -5459.425 -5461.351 -5462.147
-5466.731 -5467.121 -5462.502 -5462.5 -5462.022
-5457.83 -5457.858 -5460.185 -5462.05 -5462.151
-5461.229 -5468.873 -5465.607 -5465.607 -5462.088
-5461.849 -5449.87 -5449.872 -5454.293 -5452.058
-5452.057 -5233.328 -5247.95 -5247.953 -5247.953
-5247.953 -5247.953 -5247.953 -5250.117 -5250.109
-5250.158 -5250.16 -5250.088 -5250.09 -5250.09
-5248.295 -5248.297 -5165.8 -5165.797 -5165.797
-5165.8 -5142.199 -5104.037 -5160.668 -5160.652
-5163.41 -5165.436 -5165.801 -5165.8 -5165.8
-5168.698 -5167.403 -5167.745 -5177.093 -5129.845
-5164.636 -5166.592 -5168.558 -5167.121 -5168.59
-5168.577 -5168.696 -5168.696 -5168.167 -5142.42
-5108.301 -5142.501 -5142.501 -5164.686 -5166.287
-5168.698 -5168.697 -5168.697 -5168.691 -5168.499
-5168.5 -5168.42 -5163.534 -5168.576 -5168.574
-5174.59 -5171.57 -5172.004 -5170.28 -5170.284
-5170.284 -5156.492 -5171.877 -5171.951 -5171.447
-5108.348 -5171.751 -5172.208 -5172.208 -5172.084
-5172.112 -5171.637 -5171.997 -5172.008 -5171.225
-5171.955 -5168.218 -5172.005 -5107.895 -5171.382
-5172.008 -5172.008 -5172.008 -5172.656 -5172.282
-5171.978 -5171.978 -5171.746 -5171.735 -5171.752
-5171.769 -5171.76 -5171.768 -5171.737 -5171.176
-5161.773 -5114.095 -5114.027 -5115.368 -5115.288
-5114.78 -5112.597 -5110.827 -5114.617 -5108.645
-5108.49 -5108.49 -5113.903 -5115.473 -5061.715
-5108.407 -5115.435 -5199.221 -5199.805 -5195.371
-5196.266 -5183.738 -5199.698 -5181.727 -5181.744
-5199.237 -5199.745 -5199.582 -5199.745 -5199.842
-5199.462 -5198.797 -5140.628 -5199.744 -5199.804
-5199.863 -5199.864 -5197.731 -5197.377 -5199.039
-5198.54 -5198.74 -5196.022 -5187.688 -5185.862
-5183.197 -5181.637 -5158.423 -5151.714 -5194.548
-5180.164 -5189.93 -5189.93 -5189.93 -5201.694
-5201.8 -5201.8 -5201.763 -5192.589 -5198.244
-5200.679 -5199.322 -5197.048 -5198.833 -5199.576
-5176.759 -5176.759 -5196.186 -5175.47 -5196.597
-5196.597 -5197.363 -5199.06 -5198.967 -5198.959
-5199.252 -5199.252 -5177.317 -5177.925 -5199.828
-5199.921 -5199.614 -5185.425 -5183.713 -5184.07
-5185.664 -5183.971 -5132.564 -5197.858 -5187.332
-5194.766 -5194.766 -5184.55 -5198.821 -5199.357
-5199.358 -5184.655 -5198.844 -5194.953 -5193.572
-5193.07 -5190.647 -5462.357 -5464.625 -5466.965
-5466.965 -5468.515 -5468.168 -5468.168 -5468.343
-5468.383 -5468.517 -5468.517 -5468.511 -5455.837
-5467.856 -5468.517 -5468.517 -5468.517 -5467.848
-5467.862 -5468.515 -5468.512 -5468.516 -5463.63
-5462.9 -5462.914 -5468.502 -5468.517 -5468.513
-5450.546 -5468.178 -5468.175 -5468.175 -5468.176
-5464.721 -5463.623 -5466.522 -5466.522 -5468.18
-5466.246 -5462.236 -5467.454 -5468.331 -5466.298
-5466.322 -5464.782 -5452.932 -5451.727 -5451.673
-5465.343 -5465.343 -5466.561 -5457.66 -5457.662
-5457.502 -5452.87 -5453.009 -5458.127 -5454.929
-5453.795 -5460.008 -5458.262 -5458.258 -5458.196
-5458.196 -5458.195 -5460.194 -5460.211 -5460.212
-5454.584 -5454.584 -5460.212 -5460.212 -5460.212
-5447.505 -5447.502 -5443.999 -5460.208 -5460.212
-5460.212 -5460.212 -5459.137 -5458.875 -5458.883
-5458.883 -5458.805 -5458.877 -5458.877 -5458.885
-5459.33 -5461.072 -5458.369 -5457.84 -5457.84
-5459.32 -5458.977 -5459.032 -5459.059 -5459.059
-5458.986 -5458.721 -5445.055 -5457.467 -5457.526
-5453.836 -5456.231 -5457.224 -5457.224 -5457.544
-5457.545 -5457.636 -5457.652 -5457.644 -5454.241
-5496.948 -5400.79 -5401.466 -5401.379 -5401.39
-5401.514 -5401.514 -5401.238 -5401.238 -5394.766
-5390.463 -5390.463 -5401.547 -5388.68 -5388.57
-5388.273 -5385.572 -5384.201 -5365.079 -5378.428
-5401.548 -5401.547 -5355.448 -5355.448 -5355.448
-5401.535 -5401.53 -5401.506 -5399.988 -5401.548
-5401.548 -5401.548 -5400.277 -5401.309 -5355.811
-5355.247 -5353.258 -5400.461 -5400.498 -5401.338
-5401.338 -5413.845 -5414.059 -5407.757 -5402.69
-5403.962 -5398.067 -5400.997 -5401 -5396.31
-5394.926 -5399.313 -5398.418 -5400.102 -5400.103
-5400.103 -5400.097 -5395.672 -5401 -5401
-5390.658 -5390.658 -5390.685 -5394.83 -5400.63
-5394.619 -5400.055 -5399.947 -5400.888 -5400.997
-5397.322 -5382.981 -5400.925 -5400.916 -5399.761
-5400.993 -5392.514 -5393.964 -5387.335 -5397.066
-5401.236 -5401.265 -5401.043 -5401.042 -5399.457
-5399.132 -5399.132 -5401.586 -5401.279 -5401.279
-5401.199 -5401.506 -5400.684 -5400.609 -5400.609
-5379.562 -5394.783 -5394.497 -5400.98 -5399.2
-5387.301 -5387.281 -5395.125 -5400.867 -5400.535
-5400.535 -5400.391 -5400.425 -5399.956 -5400.066
-5399.894 -5399.894 -5400.416 -5381.516 -5398.967
-5398.967 -5400.583 -5381.8 -5401.506 -5401.506
-5399.005 -5399.003 -5399.002 -5399 -5398.999
-5398.999 -5395.689 -5398.472 -5398.498 -5400.188
-5402.014 -5397.485 -5398.363 -5377.83 -5378.065
-5378.065 -5378.053 -5377.943 -5392.229 -5392.229
-5392.339 -5397.943 -5397.881 -5398.088 -5398.399
-5402.487 -5402.487 -5404.05 -5404.185 -5396.473
-5362.128 -5362.335 -5361.779 -5404.277 -5401.142
-5400.63 -5403.31 -5395.24 -5395.07 -5395.933
-5395.898 -5395.898 -5395.479 -5395.92 -5400.539
-5397.513 -5403.337 -5403.325 -5403.325 -5403.314
-5401.75 -5403.355 -5403.309 -5403.476 -5403.476
-5403.475 -5400.208 -5401.955 -5401.955 -5402.319
-5389.824 -5389.824 -5389.209 -5416.13 -5396.275
-5405.752 -5405.758 -5405.98 -5393.07 -5383.189
-5380.32 -5411.624 -5411.611 -5408.374 -5408.383
-5402.247 -5408.018 -5407.352 -5408.369 -5469.896
-5468.109 -5470.864 -5470.864 -5469.899 -5469.898
-5469.892 -5469.892 -5463.878 -5463.872 -5469.877
-5469.891 -5469.897 -5473.093 -5469.857 -5469.9
-5469.9 -5469.9 -5469.9 -5469.9 -5469.88
-5469.9 -5469.9 -5469.857 -5470.135 -5470.135
-5470.026 -5471.107 -5472.672 -5472.781 -5464.208
-5464.14 -5464.204 -5464.204 -5464.157 -5472.081
-5473.86 -5472.78 -5479.266 -5479.264 -5479.227
-5479.072 -5479.072 -5478.769 -5478.923 -5477.076
-5478.665 -5470.794 -5470.776 -5476.042 -5474.416
-5475.955 -5465.029 -5473.359 -5473.605 -5476.031
-5476.023 -5468.535 -5476.924 -5476.923 -5476.531
-5469.349 -5469.342 -5475.592 -5476.286 -5476.304
-5481.032 -5466.497 -5466.799 -5482.424 -5466.949
-5482.19 -5482.502 -5475.355 -5457.135 -5456.515
-5461.04 -5461.861 -5479.493 -5481.937 -5481.934
-5477.692 -5476.749 -5471.872 -5470.857 -5470.957
-5472.329 -5472.329 -5472.329 -5472.329 -5472.329
-5464.717 -5472.329 -5472.329 -5469.303 -5472.824
-5472.824 -5475.829 -5475.792 -5486.395 -5469.061
-5469.061 -5467.352 -5471.213 -5471.579 -5468.477
-5475.445 -5475.353 -5467.292 -5463.848 -5474.498
-5467.549 -5468.417 -5468.417 -5468.417 -5468.417
-5471.57 -5463.445 -5463.445 -5465.194 -5473.618
-5473.62 -5473.626 -5473.512 -5466.709 -5466.692
-5466.63 -5466.63 -5475.444 -5475.124 -5475.124
-5475.264 -5475.445 -5475.444 -5466.895 -5475.31
-5461.772 -5475.156 -5468.712 -5468.681 -5468.963
-5468.961 -5468.962 -5468.957 -5459.159 -5460.111
-5460.117 -5462.584 -5462.734 -5463.597 -5470.206
-5470.21 -5470.162 -5470.162 -5469.621 -5468.993
-5470.152 -5470.206 -5470.192 -5470.208 -5469.478
-5456.796 -5457.838 -5457.893 -5457.973 -5457.973
-5461.791 -5469.568 -5459.009 -5479.472 -5469.604
-5470.164 -5470.164 -5470.164 -5468.876 -5470.162
-5470.212 -5468.571 -5463.949 -5470.131 -5463.66
-5451.523 -5451.523 -5456.004 -5455.259 -5459.008
-5464.54 -5470.706 -5451.107 -5450.947 -5467.469
-5471.45 -5461.213 -5476.492 -5476.604 -5472.119
-5471.159 -5465.664 -5452.555 -5412.576 -5398.927
-5410.581 -5399.175 -5410.444 -5410.445 -5410.445
-5409.879 -5409.879 -5409.879 -5409.879 -5409.63
-5409.63 -5408.643 -5409.992 -5399.923 -5406.073
-5409.866 -5409.779 -5409.783 -5406.913 -5407.393
-5405.091 -5409.824 -5409.824 -5409.957 -5381.237
-5389.529 -5393.207 -5393.207 -5407.016 -5389.757
-5399.866 -5382.743 -5382.58 -5381.009 -5388.089
-5388.255 -5383.265 -5409.871 -5409.87 -5409.87
-5395.714 -5402.599 -5397.493 -5397.497 -5399.909
-5399.843 -5394.295 -5407.007 -5407.332 -5406.868
-5406.069 -5407.284 -5406.487 -5406.142 -5406.035
-5403.231 -5407.28 -5407.303 -5407.303 -5404.892
-5406.793 -5404.664 -5408.68 -5393.462 -5408.694
-5409.129 -5411.959 -5411.923 -5411.874 -5411.756
-5403.391 -5403.35 -5402.157 -5411.763 -5411.747
-5410.402 -5410.331 -5402.951 -5410.97 -5410.971
-5400.818 -5409.45 -5392.139 -5392.471 -5394.612
-5404.764 -5405.248 -5401.305 -5401.277 -5373.024
-5396.892 -5410.049 -5402.245 -5409.834 -5409.622
-5409.625 -5408.915 -5408.915 -5410.141 -5471.653
-5471.66 -5471.043 -5470.838 -5466.934 -5473.032
-5439.647 -5439.647 -5472.985 -5473.03 -5473.026
-5471.858 -5453.542 -5446.99 -5454.013 -5466.296
-5466.917 -5466.912 -5466.911 -5465.4 -5466.935
-5466.935 -5460.764 -5456.822 -5456.822 -5439.91
-5458.717 -5447.787 -5467.102 -5466.235 -5466.235
-5463.877 -5463.501 -5463.501 -5463.857 -5457.577
-5455.569 -5462.235 -5461.518 -5460.332 -5450.285
-5459.198 -5459.198 -5458.247 -5459.975 -5461.952
-5461.685 -5448.736 -5451.812 -5448.708 -5467.554
-5465.974 -5465.966 -5465.966 -5460.302 -5460.302
-5460.302 -5460.498 -5467.937 -5460.238 -5457.297
-5457.38 -5457.38 -5458.882 -5456.649 -5461.55
-5450.826 -5444.349 -5461.279 -5461.262 -5466.637
-5463.999 -5467.781 -5461.929 -5454.67 -5454.67
-5460.528 -5466.631 -5466.545 -5461.99 -5459.657
-5469.901 -5469.887 -5469.881 -5474.754 -5474.746
-5474.757 -5474.769 -5469.5 -5468.804 -5460.834
-5468.938 -5489.76 -5459.983 -5460.12 -5460.12
-5460.12 -5469.359 -5469.426 -5469.239 -5468.784
-5468.743 -5469.291 -5469.375 -5474.041 -5472.788
-5473.977 -5487.419 -5469.749 -5468.735 -5469.558
-5473.179 -5464.375 -5473.782 -5473.782 -5473.884
-5473.404 -5472.852 -5468.829 -5469.198 -5474.04
-5473.022 -5474.039 -5474.037 -5456.972 -5456.943
-5466.71 -5466.674 -5472.715 -5472.715 -5472.715
-5476.356 -5477.165 -5463.962 -5477.658 -5476.428
-5476.428 -5475.49 -5477.403 -5477.406 -5477.442
-5473.7 -5473.69 -5475.853 -5475.851 -5472.366
-5473.786 -5473.211 -5477.069 -5477.069 -5476.735
-5476.743 -5476.618 -5459.142 -5455.363 -5473.523
-5473.523 -5473.523 -5477.006 -5476.974 -5476.963
-5474.881 -5477.62 -5476.183 -5471.243 -5468.965
-5476.744 -5476.744 -5475.456 -5454.693 -5454.693
-5481.011 -5479.598 -5511.763 -5511.684 -5511.725
-5507.791 -5476.437 -5475.265 -5478.212 -5479.04
-5479.04 -5475.374 -5475.355 -5479.994 -5479.993
-5479.991 -5478.121 -5468.256 -5448.986 -5478.6
-5478.6 -5478.6 -5480.271 -5480.429 -5480.006
-5480.007 -5480.172 -5480.172 -5498.451 -5415.148
-5417.463 -5417.36 -5384.824 -5385.203 -5447.888
-5447.889 -5478.927 -5478.927 -5479.841 -5477.669
-5477.395 -5476.15 -5477.667 -5478.159 -5478.997
-5478.997 -5476.911 -5476.912 -5480.137 -5477.575
-5477.577 -5477.577 -5479.539 -5479.539 -5475.565
-5480.095 -5480.137 -5480.136 -5480.137 -5480.136
-5466.665 -5466.665 -5479.664 -5479.932 -5480.136
-5480.138 -5477.86 -5487.385 -5480.135 -5511.837
-5504.319 -5481.624 -5481.086 -5481.488 -5468.949
-5467.581 -5467.249 -5467.249 -5483.207 -5483.152
-5483.194 -5479.682 -5479.663 -5484.63 -5484.486
-5483.281 -5483.282 -5483.282 -5483.282 -5483.28
-5483.282 -5483.28 -5483.279 -5449.062 -5483.282
-5481.745 -5483.277 -5483.278 -5483.276 -5483.268
-5483.282 -5483.282 -5483.282 -5483.282 -5483.282
-5480.119 -5462.921 -5461.887 -5486.867 -5488.623
-5467.294 -5467.294 -5441.763 -5441.983 -5484.12
-5484.534 -5484.533 -5484.548 -5484.542 -5482.585
-5484.525 -5484.379 -5481.19 -5466.25 -5503.223
-5477.595 -5477.939 -5483.307 -5483.307 -5492.801
-5489.398 -5489.379 -5487.708 -5484.784 -5490.894
-5490.895 -5491.823 -5492.196 -5492.189 -5464.532
-5490.052 -5490.059 -5489.244 -5482.707 -5482.707
-5482.923 -5482.924 -5491.947 -5491.947 -5491.067
-5491.067 -5491.067 -5491.982 -5516.568 -5517.496
-5495.801 -5492.941 -5474.202 -5474.202 -5492.653
-5492.653 -5494.519 -5487.861 -5490.689 -5492.46
-5492.521 -5492.576 -5496.69 -5496.721 -5496.717
-5496.706 -5502.206 -5502.207 -5502.207 -5484.328
-5484.328 -5484.301 -5484.301 -5496.465 -5496.619
-5490.656 -5496.589 -5496.633 -5498.366 -5492.186
-5491.819 -5452.88 -5503.417 -5490.274 -5485.853
-5447.587 -5447.587 -5490.179 -5491.025 -5507.339
-5487.822 -5493.155 -5492.401 -5493.248 -5493.248
-5493.248 -5493.248 -5493.245 -5493.231 -5493.248
-5493.243 -5493.244 -5493.327 -5493.392 -5489.525
-5489.523 -5472.422 -5494.775 -5515.298 -5511.852
-5511.661 -5220.143 -5194.397 -5212.339 -5212.339
-5220.113 -5208.304 -5219.669 -5221.981 -5220.136
-5220.046 -5220.063 -5270.516 -5270.477 -5270.477
-5272.103 -5272.093 -5272.082 -5272.094 -5269.71
-5268.27 -5264.665 -5264.814 -5264.81 -5264.825
-5271.187 -5271.185 -5261.959 -5261.957 -5268.049
-5264.654 -5271.793 -5271.793 -5271.793 -5270.92
-5270.56 -5250.617 -5250.499 -5249.183 -5249.183
-5249.102 -5249.102 -5247.414 -5258.852 -5270.877
-5270.878 -5272.03 -5226.747 -5219.334 -5251.189
-5207.985 -5269.212 -5268.661 -5269.282 -5269.139
-5270.402 -5272.258 -5269.281 -5270.86 -5225.63
-5262.8 -5269.322 -5269.32 -5270.15 -5267.443
-5267.443 -5269.998 -5270.6 -5270.6 -5270.598
-5270.565 -5270.594 -5266.119 -5249.248 -5249.245
-5249.247 -5249.213 -5262.721 -5261.23 -5264.375
-5259.468 -5259.468 -5265.888 -5265.889 -5265.882
-5264.663 -5265.908 -5266.756 -5266.755 -5266.769
-5266.769 -5238.023 -5264.603 -5256.851 -5256.851
-5253.039 -5243.371 -5245.192 -5245.192 -5245.192
-5247.088 -5247.088 -5246.446 -5246.474 -5226.01
-5247.013 -5247.013 -5191.064 -5210.611 -5266.622
-5266.516 -5266.594 -5231.85 -5245.387 -5265.49
-5258.579 -5253.196 -5253.192 -5253.251 -5253.214
-5252.823 -5266.21 -5256.498 -5266.507 -5243.241
-5266.613 -5266.613 -5266.604 -5254.28 -5254.28
-5266.56 -5266.64 -5266.629 -5266.64 -5266.64
-5266.632 -5266.612 -5266.612 -5266.602 -5266.564
-5271.664 -5271.709 -5285.081 -5268.905 -5268.876
-5269.881 -5234.371 -5240.576 -5240.35 -5240.35
-5240.64 -5274.025 -5273.179 -5272.993 -5273.079
-5248.049 -5261.944 -5261.944 -5261.945 -5250.772
-5272.661 -5271.508 -5271.443 -5269.086 -5268.967
-5271.38 -5271.387 -5271.442 -5278.179 -5278.086
-5271.44 -5256.084 -5271.4 -5228.731 -5258.353
-5258.236 -5258.236 -5271.202 -5271.442 -5271.442
-5271.431 -5271.432 -5271.443 -5271.443 -5271.443
-5256.12 -5256.12 -5271.434 -5271.443 -5271.442
-5271.442 -5270.425 -5201.476 -5201.476 -5201.476
-5271.443 -5269.091 -5258.227 -5269.601 -5267.561
-5266.339 -5542.692 -5542.871 -5542.864 -5541.882
-5542.864 -5542.364 -5539.719 -5542.87 -5540.613
-5540.613 -5542.854 -5542.866 -5527.581 -5527.554
-5526.639 -5526.671 -5541.957 -5542.641 -5542.641
-5542.629 -5542.846 -5542.867 -5542.866 -5558.382
-5528.496 -5528.496 -5528.37 -5528.49 -5537.812
-5528.368 -5528.368 -5528.363 -5528.365 -5542.401
-5542.405 -5542.095 -5542.405 -5542.405 -5541.685
-5541.752 -5540.709 -5540.965 -5540.965 -5542.261
-5542.218 -5541.393 -5539.238 -5539.844 -5539.814
-5539.786 -5539.844 -5527.249 -5527.249 -5527.249
-5526.889 -5540.815 -5541.066 -5540.813 -5540.864
-5540.867 -5540.588 -5540.325 -5541.567 -5541.58
-5541.817 -5541.792 -5541.804 -5541.831 -5541.819
-5541.819 -5541.748 -5541.748 -5541.794 -5543.559
-5541.873 -5541.818 -5546.498 -5546.493 -5546.476
-5546.497 -5546.498 -5546.498 -5544.934 -5545.146
-5546.978 -5544.498 -5546.98 -5546.979 -5546.979
-5546.766 -5546.978 -5540.516 -5529.272 -5529.2
-5531.657 -5532.07 -5581.483 -5527.52 -5527.951
-5518.526 -5517.354 -5517.343 -5544.745 -5544.85
-5546.588 -5535.583 -5541.726 -5544.918 -5544.918
-5544.91 -5570.528 -5536.182 -5536.173 -5535.361
-5511.788 -5511.793 -5512.609 -5512.609 -5512.609
-5544.855 -5544.829 -5544.023 -5544.831 -5545.169
-5545.195 -5545.016 -5545.193 -5544.944 -5541.209
-5541.459 -5541.126 -5544.855 -5542.854 -5543.522
-5543.695 -5544.643 -5543.741 -5544.852 -5544.86
-5527.742 -5527.742 -5527.703 -5544.583 -5544.597
-5544.807 -5544.408 -5534.932 -5544.554 -5544.362
-5544.088 -5544.088 -5544.088 -5544.661 -5574.43
-5544.86 -5544.86 -5544.563 -5544.537 -5541.322
-5543.073 -5543.073 -5541.48 -5545.618 -5543.152
-5543.212 -5543.341 -5543.341 -5543.067 -5543.073
-5517.715 -5517.794 -5517.794 -5517.794 -5538.433
-5543.434 -5542.695 -5537.79 -5539.548 -5512.454
-5543.424 -5543.451 -5543.208 -5543.455 -5542.957
-5542.957 -5542.924 -5542.963 -5542.978 -5542.978
-5542.563 -5542.563 -5542.563 -5542.529 -5542.233
-5542.309 -5542.31 -5542.31 -5542.31 -5542.31
-5544.343 -5544.343 -5544.981 -5545.096 -5544.903
-5544.49 -5544.49 -5544.786 -5544.786 -5544.576
-5560.942 -5541.825 -5543.17 -5544.049 -5544.613
-5534.304 -5543.173 -5536.175 -5454.224 -5454.224
-5454.224 -5451.402 -5451.224 -5453.729 -5473.493
-5431.131 -5454.343 -5456.231 -5459.802 -5459.415
-5459.419 -5459.632 -5459.787 -5459.399 -5459.086
-5464.964 -5459.821 -5455.92 -5457.285 -5459.308
-5425.759 -5413.19 -5440.852 -5440.853 -5440.853
-5440.728 -5455.455 -5455.393 -5458.268 -5457.527
-5458.152 -5457.481 -5473.187 -5473.188 -5459.846
-5459.85 -5459.827 -5459.335 -5443.827 -5474.756
-5454.778 -5454.748 -5450.202 -5451.797 -5451.797
-5453.853 -5453.716 -5452.524 -5444.151 -5444.217
-5444.22 -5449.196 -5449.196 -5444.942 -5452.795
-5451.739 -5451.739 -5450.104 -5450.108 -5449.222
-5444.428 -5445.742 -5448.496 -5445.579 -5445.889
-5438.874 -5448.605 -5439.861 -5448.137 -5448.13
-5448.101 -5448.085 -5448.109 -5465.977 -5466.448
-5448.41 -5445.672 -5440.243 -5417.463 -5417.485
-5417.491 -5442.015 -5148.891 -5135.946 -5172.42
-5172.612 -5171.456 -5176.893 -5171.301 -5178.087
-5178.087 -5178.087 -5178.068 -5178.015 -5178.015
-5178.015 -5177.837 -5169.796 -5169.796 -5173.305
-5178.085 -5178.086 -5178.096 -5178.046 -5178.045
-5173.824 -5173.874 -5178.096 -5177.313 -5165.439
-5176.221 -5177.717 -5178.031 -5172.93 -5174.564
-5178.096 -5169.55 -5178.096 -5178.091 -5178.087
-5178.095 -5177.999 -5177.998 -5177.981 -5170.917
-5174.062 -5173.966 -5176.747 -5177.992 -5177.993
-5177.993 -5177.995 -5177.997 -5177.997 -5177.999
-5177.999 -5177.972 -5184.591 -5184.332 -5183.973
-5184.24 -5179.109 -5182.876 -5183.204 -5183.229
-5172.876 -5172.16 -5128.356 -5181.276 -5170.984
-5170.97 -5183.332 -5183.307 -5183.355 -5183.351
-5182.837 -5183.263 -5183.294 -5183.345 -5183.293
-5183.375 -5177.771 -5154.675 -5183.294 -5172.466
-5180.979 -5161.174 -5180.968 -5175.785 -5175.785
-5179.843 -5180.131 -5152.785 -5152.785 -5178.558
-5178.496 -5178.257 -5163.549 -5163.549 -5163.546
-5171.041 -5155.772 -5167.304 -5167.466 -5166.317
-5167.573 -5164.597 -5173.847 -5131.922 -5133.536
-5134.556 -5174.604 -5177.24 -5177.603 -5176.494
-5177.827 -5177.729 -5177.755 -5177.75 -5177.738
-5177.738 -5177.738 -5176.084 -5177.709 -5177.633
-5177.751 -5177.744 -5177.707 -5176.992 -5177.665
