-303 -306.1242273703193 -38.175659889546871 -296.21858497716403 -304.6193745747796
-300.02696523954194 -295.9406492781558 -293.8244131866328 -301.65422035354982 -316.2976023601664
-320.062929772689 -324.5181246727461 -320.8210907240768 -334.4155903909730 -322.2205679552753
-323.34878033593947 -319.9377635150314 -318.6813775563968 -311.9417427574616 -306.43455221206858
-300.7262988130752 -299.7112537920146 -288.9151564464116 -287.1116326681058 -286.07164264493548
-281.4832586572588 -282.9035289656621 -271.0466971816357 -266.7713504399206 -266.37301843051347
-259.360921036965 -262.54015114679788 -258.9734369578105 -256.3858202636004 -245.8419188822509
-263 -270.1911072450872 -127.329265388434 -267.15261912791266 -275.93742953514055
-291.54967577184755 -296.5479223500364 -286.60583909255899 -287.8392039998901 -290.51407993535014
-293.0295822951045 -281.4376790465119 -289.0994079987075 -299.2943973946671 -293.611311612719
-292.91747882887574 -287.2259553717799 -291.78999584349049 -288.22324660115595 -281.2333929167615
-286.036928390501 -283.65563828726249 -275.3014478667922 -283.24134040944040 -292.0983787261189
-288.731636184223 -297.77333520069567 -296.1298218910351 -306.6456861859649 -303.4266256068103
-306.8174783328454 -298.8716110210048 -287.89681559882223 -290.0886764362362 -287.6062348453742
-186 -191.248737437251 -189.15725612348430 -176.37221855356344 -175.3012491564824
-186.8873615316369 -176.24442829148737 -170.25055471182912 -175.17652921774621 -173.78046057582577
-183.98871267580779 -171.5531675337230 -172.96599986482391 -177.88637685802792 -184.38606205058946
-184.99445941378750 -189.86831288774226 -191.92345551079450 -177.86199516012508 -175.78215267141610
-176.31418456178758 -169.58457356098000 -176.2755281490317 -171.18012534661494 -180.20604630426877
-177.46566729191457 -178.4859567696431 -182.50211440060011 -178.42844309218566 -171.6203167039591
-172.07749865504073 -161.0948116443225 -147.66523721947411 -151.31295535817958 -145.80454410737485
-128 -112.5096675413342 -124.69989567060136 -129.2836702062548 -115.63462244122603
-127.01449560373274 -130.03530803172868 -132.7806993084729 -130.6555510098832 -125.39668759190575
-132.09019755829806 -124.312824377988 -122.26670777826081 -124.18379876017521 -119.5735237538628
-120.46917363462148 -113.8308310308875 -102.19162186142206 -102.34470036143202 -99.5014276938342
-109.70364602006576 -114.5470921809658 -111.8782143297105 -115.04687905423255 -104.93071335642193
-96.80832195955995 -98.75151789492521 -96.57827118697523 -102.14495959833927 -93.3992827697615
-87.980732375131680 -92.28864797359327 -86.95706767142988 -87.393919096837948 -74.59815047885135
-99 -112.7160557277576 -116.54807227396228 -122.9164825814143 -111.09742283003777
-105.80662845723025 -103.35344145703149 -99.32879479723294 -108.66247496225000 -100.34992620053544
-109.2372709199395 -97.29208553390720 -98.68141680173203 -102.45197632082568 -99.7197928500416
-98.73587868866184 -94.49154337922911 -99.94084939354883 -97.65153604415481 -100.52090593209151
-97.27267531335464 -108.61822803036657 -101.09237516198540 -94.10413843785021 -99.09118099240142
-94.32433949011330 -95.37043435495136 -81.3231313968332 -87.03408666774223 -83.44033350257760
-78.50915060827603 -78.76447008457107 -65.977463460389416 -55.554809105783590 -60.50905698322284
-95 -90.36612572624163 -85.79105665645370 -70.46376431321306 -76.57213004653796
-67.54759741601592 -60.61772540756338 -72.36330049485623 -66.07867853540495 -76.48966025604277
-78.4659081548703 -84.74823024096978 -78.3578285245404 -90.89013062634345 -85.397236763291886
-91.05358566300863 -81.79214024702831 -79.269193800768 -86.7066221425259 -84.54094842841936
-88.83233557080327 -89.0536495536244 -94.72664194367486 -96.63181796041879 -97.94071493101887
-100.25642040473581 -102.81055009580754 -117.59199046914904 -117.88372123310647 -118.28531807726063
-122.41384879933801 -123.85962877659040 -133.86249871354931 -126.94204577058359 -119.92878356518375
-110 -124.06292542871519 -11.544625826187696 -128.07765431165475 -136.92180024251468
-127.23098683195269 -117.65622200480473 -118.42436027145619 -110.17431450334776 -113.72844911921419
-106.96324397018881 -110.66428797896103 -102.0980595737330 -105.39499840924708 -106.18731720990014
-106.91935472408471 -95.82759245062699 -102.01831193638974 -88.41300917603952 -73.33956582708008
-63.574932580909817 -53.29545314123571 -54.37916352035887 -57.08638109238407 -56.632142717561045
-55.479893544980548 -51.236176458424502 -42.18860036341155 -29.767230315544580 -9.004094091093553
-16.090306988439039 -14.57363894490165 -22.849997726116101 -22.241501498144618 -23.39924992568653
-94 -89.1852653014206 217.43124325419760 -101.77023033840544 -104.52776415775907
-101.73385008493823 -89.87961328369188 -90.06569869307454 -85.83087645278691 -87.84520158981491
-88.671921940101058 -87.18808960993445 -84.64003788113222 -80.82792504700957 -79.3167911933322
-72.4286946534701 -85.27593814604631 -88.061062129330850 -78.95598652737834 -73.510251125478604
-95.21754556977994 -105.23478111570935 -95.33507711334602 -92.21481279588517 -83.24348062667056
-96.31063307816750 -96.979779826859 -86.88130749299850 -84.59696558192762 -109.98322428112583
-108.4573794785925 -113.26445818774533 -112.61247041447477 -117.2789038983586 -113.35764954816774
-57 -65.01737785177144 373.97178453087673 -80.5008516223424 -86.542987863398821
-104.92574541207327 -101.44011243103650 -92.97844143380232 -78.81813645129357 -79.30357848546173
-73.840796797957665 -85.707444318115051 -86.14507691596611 -90.69463462740553 -93.26774985112827
-74.40753269952407 -75.21339214851227 -74.579864802218808 -83.30997595209030 -95.55114198663003
-93.868149733027 -84.97729587650075 -86.002604310464960 -75.1235254985231 -79.82713176459814
-76.5631997383377 -69.72913864358533 -61.004371136890704 -74.93271050055438 -84.07531508885053
-95.0956866840384 -93.09275655040035 -83.232083027642332 -74.38441773305715 -82.2169850019332
-49 -48.147304756913499 388.1703418060649 -38.37541446516445 -50.37383891000572
-50.33908289556237 -47.940089734853949 -64.30943459529266 -62.4649265676336 -58.41198469139075
-68.9236791806712 -63.95205477473888 -49.511917982699053 -55.083775475560671 -53.190585533545622
-44.8544108699921 -29.23603957671259 -43.08285055612996 -41.53684913352177 -32.838707020746874
-46.07867470808807 -37.58038117009274 -36.54440642015676 -34.36850496986835 -36.547446423288861
-36.54956546397889 -37.30491384486967 -34.87705515356917 -43.51286858691365 -50.25153727508534
-52.40275256210394 -45.5080952411827 -51.37937854052037 -55.422169539799 -52.401205788023994
-111.00000000000000 -107.76740449690065 367.37001865340221 -100.76335559880421 -104.9927107649789
-50 -132.02076896274497 -127.27544495971688 -146.91726592751314 -149.4776638592291
-149.58950892722211 -161.8537773089032 -155.8730468236611 -157.06687882530355 -164.40580843651335
-168.24736198383545 -180.81033520853541 -193.88612483394007 -195.53851137727838 -193.76711772714
-199.89822198834668 -203.65850138514074 -204.47122164250359 -194.59810349562412 -192.88987932243916
-183.44368558003001 -183.77951894960472 -177.0145515788388 -185.22442303013378 -185.17374392725333
-196.98921692812112 -194.2343963935837 -183.0911557354593 -169.8762446448201 -167.08699928899912
-262 -247.7338024789833 294.8351962466229 -237.83529003867451 -232.89396898547793
36 -212.2197173766025 -212.5104571399977 -210.93561154047009 -224.3686780553272
-219.39299120771176 -214.7863547373609 -207.52031851748598 -209.5009773455174 -200.34352095419308
-201.15614986823095 -197.80307354638103 -202.1599212202584 -204.27343875751873 -204.7258964064998
-193.81155480197293 -198.24618097182594 -199.40883309105715 -192.2854085915881 -185.25987149382047
-192.74851425655604 -186.82464734449243 -186.8824066811943 -197.8019394011897 -205.43104677012764
-189.27735011346454 -171.60179340664462 -167.84104590652262 -168.07992910382598 -167.4720319297284
-458 -457.4210775410123 235.3035206220356 -470.60437313641916 -484.5225431223115
-473.0001923895559 -465.022925262735 -474.4870658036308 -471.3729044576623 -466.14121411361509
-464.7195506132857 -456.26596234701412 -457.58375608660094 -456.8350927716065 -452.46664278146085
-450.48959299793796 -456.53001339939061 -457.3237298182094 -443.85457802866080 -434.9595395112436
-417.6626003724131 -423.35555264167249 -418.9012375513671 -410.18295684772926 -396.0933564749213
-390.4450873015999 -396.0262875287644 -399.32721043085473 -403.9178318891683 -413.82460643137722
-406.25611241890476 -406.716329057908 -401.5675760471237 -396.5160539937983 -384.14040223467424
-644 -632.436363518963 165.03098287413823 -631.429297996053 -628.18386637587014
-626.7704988952426 -619.1532908008223 -615.76117585620352 -619.2495627783045 -591.989979022246
-604.1569325603153 -581.03839441743037 -587.08296275608348 -606.0110725906562 -612.3663819106420
-599.7574769998722 -595.08401171796788 -598.94683703819044 -597.13630022216421 -594.38079265694171
-597.6723813745118 -606.7636270082397 -615.9129428979697 -629.42448179562 -621.6345419368972
-616.05190154037825 -620.925548788209 -612.374512070796 -617.7052117579616 -619.3977732752237
-608.86297154162878 -614.9459136098437 -609.8781684602418 -613.7344909528972 -607.0807244032844
-784 -773.7356658098229 131.21922849737791 -761.8964933013625 -760.6227452881840
-769.76869458347858 -769.1709870820487 -758.88905606559547 -754.77948179375824 -759.1975846069871
-765.343152830372 -745.2434575873610 -743.1421844887593 -774.8231788095273 -754.8021802827997
-763.18961354203350 -767.7337646902826 -775.0346181929608 -755.63951644629321 -758.699697912091
-752.84761777068309 -752.89520742653349 -759.9509762503975 -759.19907636761934 -757.77566519695836
-742.4147117948362 -753.00634660719470 -750.6396175844320 -773.5487190296304 -777.90319934967147
-767.8206179179240 -782.9308115701263 -776.7395969731184 -753.8006141465403 -735.0508047407055
-743 -730.613717475894 98.75598460874269 -709.0808257085474 -723.93048278940182
-729.273991349216 -729.1341085013248 -731.04640411559819 -728.1657380044909 -739.1531692419113
-734.1679674976476 -711.0138297581022 -711.75125853716179 -731.6815580561716 -721.9620015097610
-716.2759918712346 -710.17051564119481 -707.476375377438 -716.8346411308980 -728.0823667464095
-724.0804763123629 -729.27562277389200 -728.11378321244990 -712.8483976861704 -703.3247565778327
-709.1936634478916 -708.90737468460816 -719.2913146774320 -733.4212446181913 -741.3102313615115
-730.91048276998106 -732.1892864947156 -720.9861577245758 -706.0112100340104 -683.3764220537164
-442 -432.9815915035624 34.237337757124024 -435.426865250673 -430.3391637081213
-437.0231392676185 -435.8830787051766 -423.2744296209755 -423.1864776366652 -431.019432613287
-428.84382754800657 -421.02675512582493 -423.7284610028378 -440.49566853385073 -432.12934096790565
-421.9937425376522 -431.23446305766879 -424.5327072530544 -408.73689281638053 -407.6350676670299
-408.9951609965618 -395.951627380017 -411.06148004102698 -411.8242275335857 -400.96556469359103
-399.10029245211160 -386.6056772844696 -380.60252400812618 -409.53131272009074 -414.62700986999442
-410.33289777264781 -414.5867648472367 -415.6919318472555 -414.81502603239170 -405.86579486662401
0 -19.304935894997737 56.616923829920587 -15.239893112935185 -22.414793008185089
-11.76580305636118 -18.08436431097789 -21.707908739103559 -45.886974785814921 -34.806493219239698
-35.16143150428069 -37.94132202156062 -45.332627890358381 -48.11401387214183 -50.17193276429443
-56.1644327784964 -60.520986233466495 -60.982878209869178 -56.00274707016336 -56.02887486899292
-58.81000149862438 -73.156087277953105 -75.97131994119350 -87.6539900032596 -93.58751612752634
-84.97024457990779 -80.93783416386928 -75.14755724159865 -81.3609602263858 -82.84039581581438
-87.59492624000262 -72.600300152913135 -67.020304053067 -67.30504327026586 -49.43736741321308
443 435.3543681672369 441.0566233881132 433.1196454181047 416.2389158386192
414.6517453208905 424.95887248095659 420.8892234455762 421.8620518089107 412.33588705407720
420.98959118586669 401.9003016539178 403.7541649132258 415.748966785283 419.1228922502664
422.0863182733303 418.2411951377574 418.3441291052125 430.2892461863715 429.43183976780347
421.3909720379436 429.9790370041921 433.7670383918224 427.72277556176061 426.24566633327083
432.30964574914844 441.3642969023248 443.509504362066 460.117761580047 470.68647797218694
451.7498819421345 462.49602237223075 462.718584496204 458.60300879173980 444.7050982640774
759 757.1708196724101 764.81223901923147 753.21728674632038 760.29290592374
765.82968625825322 775.20139940122817 762.106974804831 751.6310410853853 737.0038844191862
748.6363879899660 742.014937313767 729.4730265169236 746.2113215763068 744.9445504215056
731.49676405660159 737.6910626078758 737.805467835043 713.911274111594 715.1671125733321
711.13170954038810 718.088594855351 748.1411349155621 757.44755388189481 759.1600167739923
763.155669301992 761.66943533470464 748.4520919983814 766.38390818821051 764.2620624129896
750.4313258569820 766.6207525329678 765.49556717864755 755.300277125744 742.1953940075314
869.00000000000000 854.4069090031567 849.98100690389344 829.13590681401604 821.2425365109399
829.37374654547841 827.986841765574 813.5422533977323 819.90795574617 817.32694980081749
819.576639478615 796.021625851253 789.6897758195499 788.4341606437762 779.1198741927974
768.4016010388403 756.810412189167 786.897898534556 775.7880150491687 774.56591619715459
776.82117736840621 774.732465735047 793.2681964897271 794.7402364316417 778.673730632169
777.33440108970763 785.0674217405123 775.3928053185664 795.6526660792815 793.1050627611510
780.4903885626587 771.1258203790894 763.4245728727072 752.59624750285218 732.8974399215613
825 815.91277502628850 822.7250348096388 812.94776518580215 828.3989576949984
832.1720562716333 830.01558802302 821.7883957323604 818.1261910894015 815.19747016490567
824.46756037650334 804.2640256253587 801.35743084394 829.5138252662126 837.6482696317463
819.99224309661679 829.49073035526396 843.78342054430334 825.4010307941459 824.4115048431522
820.8333584386775 828.616782940603 846.1716898354938 843.177295010438 833.14825663566364
826.05427756322013 825.97639461308 830.1304788514415 840.200943939544 841.90910074508
830.0482323784387 824.4486162764613 814.68644986472293 808.120957411749 803.20981488313646
698.00000000000000 676.34884260278034 677.224502632495 670.4466658123207 664.60038433604325
660.8474093178226 659.9555147168686 645.55953248300193 643.76802947380156 639.22444119260479
654.3007537895727 630.60876976213729 627.8190429497777 649.253529034397 650.3302559042927
657.23833466380256 653.12737838138958 675.02935480791712 648.38306689146657 633.4002982925876
628.894338393357 626.97942781954 633.61258022675133 635.22668001993054 631.35783866345514
641.67706859700013 633.67401885298034 631.19503156671317 662.770517183693 664.46122807958113
672.27067516019406 676.31996328599053 677.67035152670701 684.7153416788947 673.98727659011615
545 525.71641006976461 524.4731349338028 524.6164083245711 518.3266657222806
512.914397143135 524.33304621715956 520.67454769050494 529.0808950190768 532.84699145626655
535.9379677044313 517.5571604836828 515.3253360395238 516.8370056812332 503.62474788242594
506.32367161388208 501.66755776508620 502.02915751417066 490.432095967868 472.0717768491067
478.99062587447889 493.01247673826805 509.549554040397 498.00483448526109 496.29399317955523
484.7411816213426 487.6879947415231 496.035868432287 496.44388398502417 500.59843733945479
499.7032433040108 499.2836441562793 497.89883730259209 486.6657795761566 478.7438290394781
450 425.5637845030407 427.39385711170013 413.96233815704164 422.12961201707077
422.4057764066979 420.2025418293874 420.9662305002511 427.9279818935466 438.9822058247654
448.624824753207 438.24632031824552 428.57582933852166 439.337436377054 450.6862330393822
450.2171504397294 437.520486078378 436.2156716330231 435.81532508131227 436.9592274122788
427.5336694199274 435.2002292956940 434.5894295469397 424.588498513025 420.4149238703582
418.3886571388803 423.6803829862781 427.00207054126025 424.0581592117255 408.6397931454511
403.29439947233072 405.13559681332 405.5714276362215 402.4320735692597 400.21162201057678
402.00000000000000 378.2948653585511 366.31893209701593 361.13528595860589 362.2061651679679
377.07534190574586 376.4888772077323 371.8196514650198 361.28571965058597 366.69852815410241
365.7528777006160 363.15347095674122 368.1006661162620 367.2619616102424 371.3992950707059
384.831197290961 394.8612336478003 412.68333147524174 411.02598039234670 419.822434536817
427.137269738671 423.17716692019218 440.53974322799473 433.90888204019575 431.71161241223615
425.73948838909064 425.01442101541562 428.7420268660653 453.45761548902550 458.7442175763935
433.14129619384084 424.33922081707135 423.20085832595743 414.47104417849067 412.1680944231117
326.00000000000000 325.09294224137159 317.48508126813834 300.11581504776467 300.27991444182675
292.6886907852858 286.3948731116840 296.94539719971976 301.37196128926990 312.75848474235943
310.603924972889 300.61063670386829 297.393966369261 312.91581490122326 313.374269808121
302.27610934767472 299.0663561672264 314.73635890463026 315.0605966250863 309.0166699460855
309.1258322368515 309.11858654027907 320.5018494286762 316.83234920897206 306.09847581291154
309.45288603549182 305.8819863917338 303.51884879346 308.364958594251 296.63708232386307
301.985149870371 305.9833533025807 299.9942591095984 295.6452142178094 301.50288878149132
236.00000000000000 221.20275800407239 229.4479650442574 245.1689670532041 245.2573463256459
263.1165990961288 260.3103620263807 260.8385943769472 265.1178106698117 249.4268895199199
239.6754410224032 246.86107010211100 239.648869785481 243.87108628707492 235.03902776435649
238.0931548367897 237.4488671413962 238.75867806893962 241.6597752047722 245.8958880070344
244.98387786811384 236.94092813329408 238.66128537800347 246.1922123198313 253.79676956710802
254.6392308749418 265.87021447764982 252.95072970368005 248.92949959588327 247.88043374421045
232.9275585075532 229.1119840692811 225.76689493787646 225.90589838585433 221.623057831094
185 185.02995071702981 180.05463696995739 168.4901448674297 171.20745315457495
171.00722516621940 179.8815249418422 166.55085400871431 167.03276802228623 157.36400515537977
161.15738734557630 166.8620981713761 171.307013075551 172.82492905893676 179.03372220961194
184.52929140498736 191.71577943213185 190.49893475688791 198.65958484762265 200.61810595257941
199.89078281509993 182.89559305245686 187.12031186838990 188.74556744486128 184.00842102213434
193.86214635042919 185.13433535811239 183.8167036139078 188.0427534730795 197.01796465600262
198.33715768851511 195.86889408472871 188.5778516058464 183.88291422727502 176.44843254832125
169 171.12891452482262 171.14537046917735 174.7546038658967 166.07604386502530
157.07846078400382 154.57028936098556 147.22675791774506 153.90839931915519 154.57616594989307
148.57092103815285 148.73875109347688 152.40218361398252 150.3942044476082 163.38647954669668
173.16217189747783 166.0554877444333 158.5538355265977 159.54192154675178 160.64370139280828
173.8712249742118 176.39030140901033 169.18864739680274 165.3417767508280 170.64161669929177
164.1615952807209 169.79333627239032 174.9370205541112 175.20233146750357 174.97502485684436
166.18532779918786 169.52107597683201 170.2735284995574 172.3751273080814 170.87365422824635
163.00000000000000 150.80563720931190 152.62765506548476 147.4905947770928 144.76617893650362
142.4192842743844 143.1496279771095 124.7183338462304 111.23003108553294 96.77924696697451
90.69342466755232 93.34414841052227 103.50656931158912 120.4385344265572 117.97936548647048
118.04752531642576 129.98957061680164 139.2039466893411 142.05290770206602 134.8058232509594
139.71304617507769 141.9840412263004 140.3270212144631 138.49232078209909 136.61767060023868
140.01322744367607 138.00675417919535 136.73235258826935 125.9711054481426 123.8857552344212
131.46592008979525 135.88620018303885 142.5062984362605 155.86844105115978 162.45701713981353
114.00000000000000 105.45454977319453 110.8212599820364 105.67797437187843 107.8754869385394
106.76219058273099 114.7441124109829 120.11723903220209 135.84044514642022 136.9120099513118
135.17412074494663 127.4123066029808 130.02133325834254 117.66590818896208 119.67176212631382
121.25117583801659 122.06828280368494 122.2130874136372 121.52559165558945 125.06668373902924
124.5447131746 133.0179957725579 133.8048172360243 144.80356267097355 151.7532338622527
153.42466115924410 167.42081001803624 171.5775327398579 177.69561572649749 171.47484477695048
163.354102309834 164.9555620240909 168.95005658143191 169.59730973247343 172.16240376710087
57 46.082704355848009 39.90431298808311 33.468935614198244 34.891749421413266
41.44281758326854 32.11133573917026 31.081996564391556 30.90527355841825 25.16684485629632
17.059592414686996 13.91908093793463 19.281311384633579 47.033736480345084 35.82362287372162
30.61822011003718 28.578701082471742 25.055036087268807 32.6773085955457 46.157834216812233
46.7588782618891 49.18332853674343 51.48230766279635 65.79019866891842 69.558594397885130
61.269392092411898 66.44525953799658 65.1964531837336 61.82326821692827 66.49525410365258
61.812703651981643 67.78729745376145 61.45455147881448 60.458426264848185 51.559959292784754
50 40.892448206969725 42.32039122444046 43.49911335038158 40.520757247788076
43.367996472695111 36.93140724708984 34.67632355167452 52.132836812913958 50.2788678628972
51.89971733015673 70.299474700607874 61.808029289123745 64.5444248572724 78.84873662287724
82.8867857015672 81.43165919180228 84.2233801844015 96.58269494781594 105.34787959956100
116.28753007992297 110.20103254249821 117.1127522786255 108.60569086922996 115.11544200713664
121.67037408602255 121.64446349851656 138.2074743630679 137.80659605863511 131.82639672855336
126.16997254553726 133.85380169563678 135.07993160835559 149.3207486535812 151.39863802323831
32 33.6713584978921 30.82911106643717 37.29995202722732 37.01350027824626
34.956749865974750 44.56568820947172 31.24441100695542 19.100176728771267 39.993498609392070
41.746961530841958 40.29155606549347 49.31570228417677 52.97614966606786 51.607113773122450
48.531556971432153 46.470316908622010 55.29922191481762 50.42598915006664 56.1219210354033
44.38785250173242 55.45316596247343 50.91651145321823 42.49916636331196 32.76259413066313
36.50197120964168 30.62081212879102 30.61103820151975 20.378510504772 30.794072068194495
16.217642853506732 14.563373219009028 20.000940990701665 2.508690965225139 -6.0639864938641743
-10 -10.1877540490309 0.1815555461020963 -4.1653771948856262 -12.083843116004866
-13.032211536278840 -8.6143350738979123 -14.03585030802641 -11.488598754643075 -1.4653532981828796
-0.9046074953716240 3.337983504624826 0.006863504556902544 8.4688933741347530 9.881148466570195
23.996307873514823 27.67401422627421 33.68923446592628 25.93821029262366 40.70009569247515
51.87411432444035 49.194644245368977 47.1721857924543 33.82665309732147 24.85382724038767
29.32871813644739 25.067750154022487 24.860606620180146 18.141605214332920 9.996962758430204
8.581506928701328 20.91917945113517 22.101352804764062 17.12320577256536 7.706181607916106
-7 5.525462520892416 2.857564631650612 -11.769704263162453 -10.348500888585692
-9.02082455247168 -2.12217330597921 6.375894549561038 -4.126747375326913 -9.476944089707331
-25.15488916194322 -21.31360712234977 -21.51757982701187 -23.42485813975373 -18.217502176896815
-14.196355069352800 -9.47986672267018 -8.0054616212555452 -10.292530267080283 -13.385740860015602
-18.699841590871742 -26.825007769707483 -36.91281011171104 -43.16889063765880 -37.237919138964116
-31.4822050607831 -32.11046652534534 -38.051108163984580 -27.38656055943281 -31.715686590698752
-29.20218607175579 -21.83287316922022 -7.386767656340242 -7.4337115784659531 0.9617556475304188
32 36.91041267085173 37.25269329957405 35.669412389233422 50.891793072867813
56.9937905101198 76.44592350763614 77.54375679223928 76.09188109098574 206.39971128584079
88.552897497745832 79.443024321896274 89.57638004720980 95.72781302104700 84.94900547993596
68.66851233365668 60.57105814213813 58.70905033403052 56.55691575239942 54.8767764488015
55.793746737335191 60.273325817739554 61.99618571898647 61.2161596873465 55.23277007641903
52.72649438211207 70.580875119358510 67.07651364985915 66.491565909070019 65.90436757512062
62.1416126067885 56.54853833668523 58.71275459134669 66.7570127464072 80.81149397229956
21 31.23594189874401 17.802578335241755 10.97543684199895 10.39916600848081
25.70465842925567 31.2639253121426 23.369298008849313 38.89164500090494 337.13059676747548
29.3271750263639 31.5683749870961 35.22977376725894 35.706398160034013 34.84119676105049
40.792895284682785 36.36691379874171 44.061277763433054 49.05604192689082 59.047288283494510
52.26915968589383 45.3607326865923 42.89735497603195 49.326606729349592 39.911459098450649
51.51839338708343 58.793477033577702 48.43093072549962 46.92270047180915 44.967451029203950
48.341420427839978 39.948165049407628 26.316325652486892 11.58577716394236 15.275475320230615
-34 -38.31282289850022 -37.66003350196845 -34.539769256661003 -35.2155829037673
-40.28498780113794 -41.79511100975792 -50.922428781187008 -47.44170841186735 336.21890951101
-35.329018701530245 -30.12474768581896 -25.14191635659632 -16.779782899309787 -22.001788946169093
-23.64374497606246 -32.22203861377489 -32.57074207937971 -41.3538188366915 -30.977087454823014
-37.66793026356186 -31.65477280224669 -41.89279656769738 -43.1400915366314 -46.89861029488665
-30.70658525241457 -29.139539056604015 -33.89966162402713 -31.392766617907530 -23.7386545717065
-33.09993098792364 -35.68641894077713 -22.920088352897292 -28.59727789232893 -38.00350708692572
