12950 13058.00877034752 12777.325497248654 13263.746676877045 13919.80695207441
14470.1070810229066 14006.7485663066982 14019.98654838076 13730.33388763206 13246.345942144606
13072.461869031096 13469.501045815272 13172.592822804685 13346.73321437843 13210.208785937677
13478.18622550461 13439.3279174116 13780.179414351418 14022.060276260869 14368.144472518195
14454.030163985619 14558.748198666195 14737.2876315585399 14387.814762099644 14767.6315890057285
13914.870208360546 13713.787912459755 13498.599061218574 13269.06413911894 13214.05979649876
13239.41882652548 13208.391556716173 13071.44123698135 13075.238092640546 12341.9800254189067
12101.6513235561215 12265.156802005113 12410.311628353162 12395.909501368382 12199.49352716965
12147.45332415131 12156.24022674789 12146.157193923578 12105.442808208350 12379.844076908126
12442.01862336033 12420.67798220771 12512.888254922254 12915.97792831633 12976.1065394963043
6850 6546.282655284064 6401.062281451597 6444.2414378165513 6099.3078099033546
5695.361042481518 5924.225426751109 5861.0234548880535 5870.178929610464 5594.854703883267575
5937.73828065157 5818.072652525269 5289.0815596299853 5250.521775276225 5226.3058021170564
5089.0418369609415 5384.1046492915711 5561.9055932894889 5482.010215336474 5299.1422214672448
5183.510419736691 5203.287493650840 5040.873296235006 5567.434528349856 5797.5350900845333
5551.2008580485908 5562.857373166562 5892.5725105553829 5956.2755883921800 5952.9468152208374
6154.943713255869 6092.50277155048 6003.24074698328241 6298.715957471818 6269.9540050627356
6201.18485720629 6376.22887962646 6305.119805929007 6344.2115975417610 6367.3844517303432
6300.487958092993 5701.363423238507 5982.343926218878 5914.6479214349356 5805.927486280416
5586.6394854218452 5480.6675077926739 5353.0538408113116 5317.5976171151460 5626.8923368118531
6150 6180.1792403065929 6160.6610898479767 6531.467651596589349 6379.2645877405
6013.9320500872454 6112.345688061292 6008.855659085148 6067.55507951111 5832.7227573438704
6008.82399661274758 6343.18305630039 6133.300528810769 6244.56276691385 6313.89898664320208
5724.16171840229 5723.9106551166433 5378.46461709298546 5076.064819164641 5149.585094742069
5051.2810688161608 5211.7713342861553 5638.64391096799 5347.924460839408 5845.742454185829
5766.8053464398354 5941.75376708820295 5556.6564858549191 5629.332859300158 5392.0447765083609
5407.730424863280 5771.90846145816 5906.8717418608712 5802.8648554201327 6081.5112128528235
5969.03738419498 6465.892399217393 6731.6134685590214 6727.3706261995339 6933.650274552506
7035.5450506744519 6803.786082965390 7008.9921321164920 7198.075253008897 7522.932901266339
7461.4555296476592 7676.840381910494 8278.2213400689543 8080.1748470617249 8118.2044535677032
350 175.453008964355035 -96.41483277195366 -491.24338464302082 -385.57386094923601
-482.251586424533 -446.22215723209092 -827.31933874551646 -734.013947756565358 -755.5001838012469
-601.60364261366340 -458.9925232991567 -517.79204937411566 -641.504840819334 -945.3570448439248
-1188.70222217014043 -1316.22332170225218 -1473.43048992899662 -1184.489752882991 -1009.475036446695
-1306.2060278530801 -952.38789428148664 -538.04934577772030 -361.5060447854994 -390.283726436686
-494.91160698916258 -598.4784249582136 -518.3939510679502 -700.737094335702 -512.795853864538572
-533.14696389334540 -970.9111240937314 -613.15970391265250 -636.6633113949657 -967.973083641243
-1494.3211228656696 -1513.44594885629044 -1589.2714482639917 -1410.301744977882 -1526.9341012421735
-1841.313554711131 -2259.0432652601294 -2495.5798697553464 -2538.056995243793 -2530.5698568891762
-2369.814346766597 -2261.535153579578 -1879.7137556855314 -1879.73600280674350 -2393.837492745572
-1300 -1363.540148726294 -1137.5658721447855 -1204.1630952523626 -1017.2418627273582
-1182.6606818793825 -1038.0675217111789 -937.2685724243993 -1010.3933082666871 -1263.11111755645629
-1398.975449923531 -1441.7817434113456 -1589.1587228092997 -2035.6966798249650 -1783.809793307234
-1355.089181409329 -1037.430834267691 -1483.2388162631041 -1140.4429420937249 -1814.645310207586
-1304.199370693831 -1609.8890354125740 -2127.3806037465251 -2339.686571943221 -2096.1525438746989
-2082.8038349872513 -2211.3363821323246 -2287.7045603054949 -2415.8026288464707 -3024.8113044825245
-2600.346085859467 -2988.851786830754 -3060.2872191504239 -2880.301782032447 -2911.2676607460271
-2754.5892392549054 -2771.9425031371147 -2571.8638031699911 -2608.212078311934 -2365.6202997674873
-2048.133328663416 -2012.63174502116 -2551.933973288247 -2505.49905893141 -2250.760031089338
-2129.99240230792 -2335.587052819832 -2412.5365795165339 -2809.719329382108 -2615.805058334787
-6500 -6727.7239643914745 -6854.680918481325 -7174.42495675285 -6589.6851055332663
-6006.8477401569762 -6387.8907389428723 -5981.265464559278 -5957.4349706083558 -5971.1427279276359
-5813.445217837055 -3647.711196570603 -6486.8145351677158 -6262.50106989938649 -6641.87534145852
-6305.47768350006481 -6321.81597243322 -6012.856437957608 -6059.609830945239 -5929.395262759168
-6158.0770233079511 -6166.499722165619 -5912.5360783370343 -5541.483947786305180 -5286.123024859406
-4774.63972615385 -5232.130228836740 -5361.5144181098358 -5552.6776564597039 -5605.6512590827288
-6053.505515553377 -5688.8052626600365 -5663.9302617545 -5939.659156049644 -6280.4833193951536
-6183.668924706524 -6342.429983515507 -6079.281294090558 -6038.0521745821 -6001.442112777999
-5771.50680073662443 -5835.3253944212665 -6016.96997178502 -6103.9042971504869 -6121.91622862978
-5867.7845196604039 -6203.2323375287369 -6123.9982725986538 -6148.346756242135 -6264.2085498115566
-6850 -6826.3561787781045 -6626.16294852166 -6484.0916715289113 -6197.673430118718
-6203.6515466267847 -6195.5293764737144 -6525.7937736165331 -7001.8225222364035 -7176.0841557053573
-7252.2179755225752 -3468.290667133136 -7150.6128763285524 -7314.2334385915747 -7970.6605483078065
-8491.469505129777 -8131.410754586437 -8298.51121839989173 -8518.07411487782 -8594.69368374349
-8548.7365437688768 -8647.5494673756839 -8820.7299371068038 -8862.222085967236126 -8876.0082982720560
-9028.45486264804 -9077.82270441385 -9155.703563991841 -8956.8836403016048 -8831.306835491469
-8698.864779475047 -8263.9775578150038 -8532.2566304412794 -8710.89747998233 -8524.0492653185374
-8572.31325479433 -8663.904701189527 -8648.18469970128 -8383.9754654891294 -8454.135041298421
-8579.0081099644995 -8688.6016195023331 -8400.321107954893 -8886.650013496966 -8792.9877904879613
-8887.45406069416 -8396.5612544952673 -8510.654158552819 -8772.5499487246343 -8760.11524680233
-20550 -20525.363630301523 -20415.903851517149 -20340.43340933647 -20754.4302541885991
-20614.407659287899 -20650.17933697781 -20545.87921251973 -20825.96244477656 -20878.57381950231
-20564.89263567025 2372.5432351187710 -20808.030686324902 -20636.4582804198799 -20160.897576689189
-20619.335886142129 -20352.0997114436 -20027.3347216610819 -20000.84326296614 -20622.728708320952
-20512.830510277043 -20554.659606988083 -20091.831475966064 -20139.04754879511 -20534.485034147161
-19887.427120548986 -19750.88232093089 -19859.875681528552 -19705.809302979003 -20452.0981575661
-21170.873481536313 -21142.671683548953 -21441.042107690148 -21497.50157494133 -21469.333801536330
-21484.04591732469 -21152.03535535641 -21385.318611586325 -21279.031143322591 -21816.5705436868011
-21767.973644927577 -21713.267004008962 -21637.13412355155 -21598.178246259093 -21733.10642390378
-21376.19191516648 -21273.035718261624 -21414.8587371768772 -21403.116823554272 -21027.806741593038
-51400 -51523.975025202031 -51655.73275194123 -51683.79056621210 -51743.55849120465
-51520.27421917469 -51161.144406924555 -51343.108323449655 -51487.55759116447 -51696.57632786638
-51541.0016000686737 1098.9684845871525 -51638.009953646448 -51050.672705105841 -50928.43231272100
-50832.807880490596 -50538.53554363218 -50496.250624254106 -50664.67851622689 -50601.837925885957
-51046.78257924874 -51202.680744914855 -51413.19277369229 -51450.575494545752 -51722.40461116797
-51940.197474636836 -51923.171940728840 -51867.81904707720 -51919.529479909746 -51659.967762203843
-51886.092259052537 -51888.078143255407 -51429.81221813637 -51429.452204976958 -51276.40053202867
-50930.775508379447 -50811.660583584126 -50713.034120394521 -50572.48106608007 -50284.20644058155
-50677.91728212547 -50302.74466424885 -49767.92279688234 -50116.83421231977 -49948.8901886879
-50153.16709479055 -50314.34639618504 -50348.03383896692 -49761.60245742769 -49708.151651706081
-60500 -60826.7301989456391 -60562.47870345325 -60892.67625730565 -60206.91333716677
-60870.40099458798 -60869.57197908972 -61016.187985480865 -61101.894632178337 -60931.98354743097
-60835.030967159350 -3980.246012105828 -60662.466731753942 -60839.98090612100 -60545.948463636
-60915.07705667739 -61115.977541991422 -60846.53579465397 -61333.87755355424 -61164.861625155325
-61303.3893690017 -61263.356001683154 -61166.41525607580 -61197.47231666173 -60970.56107399027
-60785.93322554454 -60513.18146910499 -60478.841747473351 -60496.6576701576414 -60565.766646497272
-60509.837183463831 -60906.163286536095 -60611.99685721200 -60371.23312483041 -60186.34793246288
-60142.72293226359 -60244.504760246884 -60234.41493624467 -60283.91513125471 -60627.9287154102713
-60379.0148519946 -60557.641185260058 -60556.409690245244 -60781.54948574396 -60419.8040493958761
-60408.001723424219 -60668.709849014660 -61048.19927314128 -61008.163917857339 -61467.97032488806
-38450 -38184.30624407196 -37579.52429199211 -37540.12617776296 -37731.929964929819
-37827.273994282557 -37901.867584922395 -37941.0002394584 -37930.592412707323 -38047.35760374848
-37749.04660073300 -1565.60558649295058 -38006.65204586020 -38387.02295118002 -38473.772784438901
-38371.025349517229 -38617.284794203675 -38645.193426867758 -38528.38850838796 -38858.353976899256
-38671.807401890961 -38710.11063528815 -38293.855112544217 -38323.551865154077 -38574.3338576545
-38876.13623740247 -38681.1240140826631 -38875.585777803513 -38582.51695818193 -38664.38520122448
-38523.620179756 -38368.38870697963 -38730.775430844908 -39060.388298682730 -39130.74015609262
-39233.42615816407 -39254.521157886091 -38679.33471511323 -38999.135939985084 -38821.766562533958
-39192.955769963635 -39113.826647258866 -39392.490730584774 -39571.288402736682 -39362.17013161765
-39610.25539682789 -39753.83011263362 -39424.56378788813 -39602.695015688354 -39553.61962138354
3350 3432.6954692349032 3152.813030715937 3042.107948601832 3251.6324888360518
3213.0946932338661 3253.7632973059967 3130.787060993446 2994.5612573997478 2637.3039127186003
2483.5195414996374 2406.3275545787551 2355.8132504721798 2293.9282445628733 2398.313747214794
2617.3515265942301 2643.706313548747 2626.606606534283 2578.436914381740 2637.411691146707
2429.947849460334 2363.396691717252 1962.595774228904 2205.9832595739217 2205.458678240636
2225.762778573339 2259.11603882810141 2236.730734239612 2428.6890815580814 2528.959114910128
2502.7679487865644 2529.1325444191871 2264.7059039514024 2213.924309790027 1968.498188694311
2231.968970279272 1923.5255835805265 2412.556274836107 2708.0092579904758 3125.8725706994910
3114.3176868880018 3819.5820787827515 3471.3577477980234 3293.305281611988 3365.882305826279
3559.7453068879740 3063.310350606474 2837.110686252403 2852.7452707533503 3068.817916470404
34350 33960.251078374858 34070.532723144242 34756.758373206969 34737.260843033167
34517.54050643112 34684.980253187772 35068.372496084768 35058.82268900358 34815.69539365637
34425.615376435053 34021.087599616199 34022.384920257246 33862.11432348054 33550.297861569743
33626.607697565232 33987.4165261148 34234.586899273258 34096.271110968708 33524.06906714637
33878.896179512194 33261.514604808232 33460.8690364853 33832.729114352565 33888.273301699119
34252.401314503571 34702.96965920489 34964.862962460465 34547.492587858214 34886.709852406
34845.445983339494 34853.019837147302 35010.63794170876 35235.57870731663 35166.755339358861
35531.44812653318 35693.669836022942 35580.35528131180 35128.537272521004 34907.6898447562126
34905.493547463935 34835.88054111198 35425.33400722306 35199.0061405390079 35397.490357249051
35588.113802098196 35543.94330880872 35720.561589036217 35991.34907313007 35948.06922507795
53550 53694.804437831735 53555.6212820597 53330.5775448839 53488.94319336933
53265.955551458355 53099.224882869727 52888.33376653850 52391.33337058606 52679.051376458527
52881.040256809283 52687.606171543528 52580.963762094 52044.968305172282 52094.97581582743
51911.060649505154 51807.22916981037 51818.2031117287 51553.016057154629 51732.91324362314
52001.236782713422 51804.464863892870 52096.904223497841 51847.25894691414 52007.94274671266
51497.59526001175 51418.11132555698 51195.91027895293 51033.66407755634 51066.17178544166
50868.135047924952 50788.76151741623 50755.67526244856 50905.457847730024 50706.99161698711
50542.215770931027 51086.29133344988 51110.545626485837 51003.546878699191 50722.03663799190
50045.60864379958 49782.720320794841 49783.18157385232 49443.2106054642572 49611.10009946953
49849.75149185977 49564.83368960729 49553.78766501217615 49282.34561974187 48976.510425869499
59650 59234.308502764114 59379.151793331308 59436.08960473075 59361.732825272353
59299.984736773833 58937.9591200866 58809.47501774076 58426.52535149919 58407.9805023235
58537.767176139168 58616.61783370619 59002.448564029110 59201.021774151661 59664.44774882273
59956.345332950921 59608.919361629116 59691.78000872823 59727.93600947705 59339.49000418236
59054.562070391243 58573.205994076867 58893.054209591472 59040.250582666566 58842.03496705017
58873.3371719858624 58859.650952306023 58839.280548671028 59111.956386283942 58650.513078551659
58654.99644419095 58868.14520738447 58749.24956195699 58363.274691962120 58555.700306688777
58228.452308783810 58426.16157685957 58410.5128323407 58128.451484277764 57820.583283703505
57613.97218003067 57346.8778718614 57135.14576281766 56931.313683260014 56917.49124672868
56908.598381934949 56399.8591751188214 56816.005793247525 56679.121892931566 56697.84433364990
57100 57279.00173900055 57081.1503645507 57026.63688480357 57035.11431235758
57149.36599251907319 56836.9790267548 56846.230208579720 57252.35879397669 57154.3963217659
56633.867420644849 56832.8216986811 56944.00571243070 56504.9909448394 56594.03975808871
56427.332244041761 56307.4436719242 56336.7625105997 56757.294112261763 56754.83292644539
56223.95235025632 56421.744358609511 56178.415094987045 55739.82982137731 55850.416134647348
55558.467109984325 55647.683639360061 55939.70294243118 55416.85855075368 55261.86929604501
55221.670743436836 55207.3182950563 55314.91580914501 55122.4958349656299 55180.33546164915
55528.91165025522 55483.605018667011 55517.98198208416 55553.310596823729 55879.4066178174544
55975.3864914692 56096.218275045088 56641.5396978322 56900.782134467823 56854.21479471379
57179.32311221099 56893.84330276620 57127.38331279464 57348.983176807669 57584.059907465562
47950 47996.557149764958 48195.746033447147 48008.07911224231 47694.2753613970635
47306.319088152544 47134.741248830011 47678.02880335866 48099.71444742868 47851.319621176
48150.58542921719 48269.73291902248 48349.54845423666 48418.457600042879 48410.13747479117
48416.847460567245 48435.76709444781 48417.28267697670 48784.97121051927 48240.356490190519
48053.64088976059 47983.72622319237 48431.50072853407 48786.12306950080 48219.03543928138
48606.45575696240 48145.036805182812 48099.83095101757 48063.08814200297 48101.832674588019
48438.130776083119 47990.110859482549 48072.656429249771 48259.212964264050 48517.5014357354
48780.05219356453 48658.202382813448 48606.68714983758 48857.593303547314 48901.049103171
48940.3958344276398 48792.2091049202572 48433.694208210756 48392.32127409676 48365.558353107255
47879.2806391617 48161.93156218142 48021.25321110747 48363.31535398116 48440.437846692366
37450 37620.75836011164 37743.04409910504 37862.65357387828 37978.8602476969
37759.149519251558 37765.958564053049 37698.884526144371 37571.181728981603 37391.7416504664
37128.064605999258 37186.577972378240 36883.818070882473 37096.14541730288 37165.106137945259
37034.0707473486 36687.71214951996 36687.409804632021 36757.59471237593 36947.07332952187
36840.671728143876 36941.52454654450 36913.59187732863 37007.70151555069 37006.29914723179
37312.829433547988 37336.265548633412 37465.242576244353 37861.67027939163 37945.426429053085
37705.040795406145 37281.322587988871 37178.5451521527 36821.9393197771 37286.16010038206
37148.30157075838 37244.492892223534 37397.9786215748 37384.78581776711 37308.76065431904
37338.27618874046 37770.65835745287 37485.380582272366 37361.868863813012 37235.147090973449
37120.814018054734 37154.92742506054 36775.664317235765 36976.11219228489 36760.67348344838
26650 26498.02399294533 26719.59341464418 26989.57867026131 27056.40051963631
26915.429427914052 26907.16840378365 27165.718213549844 27252.09064243093 26874.77253294561
26824.83196865833 27099.88795524820 26996.8737960126 27296.925515976276 27180.06332206641
27669.43242516926 27523.799628762 27676.89669927683 27276.375538238372 27480.93349325079
27503.992966872709 27360.65860621756 27135.040492364857 27377.981056043987 27674.650336095030
27530.482105615360 27820.795333394271 28082.80855403217 28343.07223252954 28236.133154497224
28555.248600311243 28517.824494552573 28332.357073763375 28385.931565785515 28439.314519090363
28204.36317523285 28451.00977337818 28351.93773426344 28562.781669370590 28575.165447028190
28629.2675026996076 28397.707911244142 28495.610502348656 28935.79396056664 28978.2379747852137
29210.85325033336 29150.806812097377 29124.650846727269 29074.15824583318 29391.9963499519
13650 13418.9238509975 13415.16146241671 12888.30551798697 12811.3281532202
12714.2184781722663 13163.90286085971 13097.0608620798 12642.878585131455 12501.6394113182214
12879.35708317104763 12985.9785844263442 13258.36466408818 13448.3636763879840 13694.59340670107
13810.342271779053 14027.794009450125 14099.410804102612 14562.799561897034 14308.74967914955
14557.66224214213 14905.7732993150039 14852.328625963841 15105.210846176487 14959.37797046816
14715.30884143829 14695.8455260572027 14832.501063508835 15098.34726774609 15412.40425707642
15001.3180603417259 15443.959813969455 15500.484860932596 15569.524228208638 15636.4244090718203
15775.37737890575 15783.130246297544 16134.093445260572 16354.01458998197 16184.173032288834
15971.486521735997 15715.528468321794 16082.13749079704 15902.74898222436 15644.222933702133
15545.4993545002 15043.30547798623 15281.78708887876 15388.115277044515 15860.172417838150
5500 5638.5704310235842 5502.534726131380 5315.0647751655306 5382.6263053220764
5307.5726569516955 5227.54889485752301 5492.537070544358 5974.179593208818 5636.7069771154
5877.191822007690 6114.796585511217 6252.342266898107 6143.9263180997759 6252.674287651688
6138.703361694199 6124.888066394465 6171.6045287569532 6083.881175483256 5877.704202651018
6035.344175143933 5795.452616835528 5931.7113117151375 5958.567284574959 5971.11479275327
6372.541496853578 6439.085955209260 6467.4345391832967 5993.43356456884 5782.4159423101
5806.5794455979012 6107.806141996505 6165.05215712129 6722.0195183727374 7085.241950421443
6698.98618626606 6599.0791428898729 6838.162188952594 6828.4990146457058 6911.250749773179
7453.4757546181827 7089.31990232051 7179.468306430909 6987.6830693462625 6563.46232754008270
6524.46496953147 6608.180306371163 6473.1305946285338 6786.954543915077 6880.779007474618
800 726.83339094298242 1145.4650895199588 855.8754476326017 726.98089817474283
833.632683543642 925.1678555285697 779.88941519172874 736.05924444409425 1151.4678455722028
1341.139389761422 2234.3440584351001 1300.461440970926 1589.02306755628570 1179.976496065811
1484.46717115473029 2079.386617828612 2107.2874247439318 2059.2460363311875 1779.02756208726191
1204.124307829928 1179.7376084652249 1368.662424576897 1455.4373548577271 1288.04732398636611
1601.3541914277650 1594.46017880517388 1990.0205231194177 1969.164228573318 1952.8143963617874
2046.6451408473147 1851.6164528097197 2138.37129828594425 1845.5115825255505 1535.68816798307853
2039.078785424065 2250.37364778943 2123.552812760041 2265.2930450526451 1968.03476017617
2307.8976430327125 2401.767529997489 2997.2975276152742 2729.047380673408 2472.5481899619995
2431.037301716055 2647.0482938215255 2488.073305960756 2129.984880526266 1981.845111969232
-4050 -3756.735036034475 -3485.6857791646062 -3449.63959400718 -3454.3540203973866
-3521.7182091452814 -3572.370194240383 -3290.61373521301 -2678.551750506582 -2709.3907863354243
-2436.276917465094 17767.2103602752 -3222.577784219593 -3179.4793272343309 -2789.853985582153
-2855.817306534889 -2974.220123189645 -3642.034180716323 -3414.44313260618 -3220.805526449838
-3134.84246174324 -3216.9780426308193 -2819.0965021637526 -2458.397296274992 -2309.561541878337
-1988.5176963856261 -1747.79910135883279 -1549.55712539521210 -2313.799115244157 -2864.7590929906264
-2678.483865735694 -2328.915782070838 -2336.215280109759 -1865.2911695304842 -1782.55658141995559
-1934.2284456860316 -1455.8756750574478 -1531.832679468035 -1323.93805074988791 -1067.0272589169431
-372.58512500814732 -206.55303719801810 -556.04376334776157 -511.35424367776261 -494.2457881328981
-24.68662834438965 -110.81004395581299 331.5171540018901624 591.4387391783237 383.1904083269258
-11600 -11599.42554398617 -11772.878055512640 -12091.61947876671 -11764.21903156165
-11786.2200901752 -11442.155250000616 -11845.45445365594 -11860.3035517570661 -11789.108595143254
-11587.76656122944587 28210.544007519275 -10951.315155070532 -11193.472977541122 -11271.902744301187
-11006.573206209945 -11219.9315521259941 -11225.696618100550040 -10922.533400720615 -10752.837919269590
-10409.077579412877 -10236.279991937296 -10605.6901986107496 -10234.069461673616 -10230.3247590778847
-10454.212590679714 -10620.701893261574 -10323.4631460472901 -10568.220915898695 -10268.387699320998
-10591.182879205982 -10562.5082421952429 -10582.8143167710041 -10611.205517850713 -10114.78464455432368
-10279.607096234044 -10415.944540794859 -9784.4807390549886 -9751.94450688511 -10010.2451146291060
-9783.80783947569 -9815.401579521333 -9704.428401886938 -9884.408555553115 -9473.5409625150642
-9142.0668106873072 -9273.870783222357 -8872.549829482135 -9112.828111095236 -8719.3678400633507
-15900 -16149.043029192395 -16618.4717066526064 -16405.2970426817628 -16456.5809656939055
-16225.0303816534 -16311.5713955224419 -16189.1878909088282 -16094.84579119932 -16171.6998794717456
-16353.723873641989 29560.0264582620257 -16400.97252828193 -16472.9555846408475 -16736.264284059092
-16830.098143086961 -17339.871956353956 -17566.642401471439 -17212.13608460508 -17207.685341273449
-17299.080346150327 -17003.66442601788 -16685.35957167528 -16521.89079104983 -16032.339156969389
-15749.81985665850698 -15826.6778637046409 -16303.853449513692 -16073.1925802207697 -16298.166443907379
-16441.21656116193 -16175.833403884957 -16114.204216953032 -15785.216267288624 -15702.220226233676
-15633.84737570882 -15313.07164348042534 -15383.4855750187635 -15424.572507111578 -15189.815300115168
-14979.022188399256 -15253.3246883196844 -14840.985884427591 -15094.712582945056 -15125.300649272944
-14993.1362696641991 -15238.999182766256 -14719.64827620410506 -15116.86464803611 -14797.493518175486
-21800 -22196.642934203410 -21918.786281277418 -21791.32290257135 -21554.626245827960
-21192.032169661019 -21017.472414226340 -20790.619357893931 -20376.137034781939 -20510.145316472928
-20570.491559241655 21736.990048238538 -20676.36700211872 -20836.948851175501 -20947.038001698271
-20756.64298019922 -20924.512713616819 -20640.633060565924 -21039.991513295376 -20709.464154921014
-20548.694653344315 -20816.93928540764 -20564.882002487520 -20417.135664421548 -20623.488931584972
-20932.276502690416 -20982.685196578230 -21469.762207016178 -21347.970061761411 -21496.2079968309
-21428.367243799908 -20979.73041780293 -21086.428331249346 -20798.282674924631 -21032.55832897103
-20592.265259288761 -20359.730752346590 -20824.74002198736 -20825.9931695889 -20950.607818909055
-20844.021627761231 -20951.090952536029 -20947.13743234487 -21119.0605686128001 -21469.502615123871
-21525.927309531045 -21216.656795641866 -20898.727179354595 -20830.865474265018 -20507.747275054760
-21000 -20725.329298319164 -20598.07104754822 -20296.05103887961 -20078.39908345972
-19587.0031392390374 -19522.93973266505 -19609.521412339578 -19898.26998012163 -20266.147209300652
-20361.642393665090 14577.841602153954 -20607.78363745359 -20425.984081083334 -20744.952460307533
-20548.417428956287 -20728.362260168404 -20916.747737382608 -20842.223410901974 -20190.900323110931
-19544.55847904947 -19744.87076434723 -19757.1362793046 -19960.901467356260 -19956.567720923205
-19896.830014205887 -19981.069200129736 -20151.537030460295 -20296.274786947346 -20422.932166386006
-20200.29758600956 -19830.579849370108 -19833.087791562240 -19969.860942749652 -19113.851475894542
-19308.991657416005 -19166.20388256316 -18918.138313452357 -19048.675352143659 -19145.99767126397
-19166.48983345385 -19395.440538473715 -19199.7259116936 -19324.749149378145 -19410.728612664618
-19512.350954750920 -19527.316275169705 -19490.28514688097 -19789.39754623141 -19798.71529830476
-15450 -15367.842299632577 -15115.32855026339 -14988.9099653677 -15038.4371787153450
-15043.60178089959 -15121.74312537013 -15208.44273812084 -14597.210753622106 -14573.598296088172
-15087.56785143592 10317.836253386909 -15293.16545139175 -15086.24774906111 -15220.99636247302
-15158.150311932948 -15480.15321085969 -15218.015545701634 -14888.398403423458 -14830.13220134038
-14815.92881948617 -14960.3411010412237 -14961.6812686632638 -14814.941189716055 -14600.150156636477
-15098.9259607965014 -15104.4274362110646 -15385.718080931834 -15341.24521278311 -15805.6212419871008
-15754.1574424512801 -15962.291621178469 -15919.4868151881874 -15759.4356016094061 -15939.343389031874
-15842.804557772099 -16026.68354803319 -16385.651699064714 -16122.421060624638 -16453.790740500077
-16273.067722637994 -16242.10211241087 -16648.38810920046 -16503.688456813452 -16297.9974688152452
-15921.987586813415 -16202.19178208921 -15962.975420076158 -15942.687839036227 -16029.5812971550677
-11600 -11547.5189365430033 -11391.346742359461 -11453.427447487296 -11690.221396645235
-11601.160093075774 -11581.994449656839 -11628.69074618495 -11484.448596566299 -11515.66665711382
-11829.96744657261 9106.438352111509 -12080.5209447426241 -11851.527957484872 -11549.491124564451
-11526.36978577933 -11816.747693115520 -11826.32773322328 -11388.6066623319257 -10808.4139346948432
-10537.746709985602 -10936.421887075016 -10839.717420617253 -11004.319589453067 -11396.7736201985
-11592.555250747671 -11717.578732502694 -12229.776050237597 -12050.217283268626 -11940.74879111657
-12437.564669506950 -12374.310132976316 -12153.423920635929 -12033.71504481619 -11739.3311305149437
-12218.178433290645 -12232.113537685798 -12203.4949504330671 -12279.852745497856 -12470.842768142673
-12277.281681252771 -12297.20315945558 -12384.392975671886 -12867.527965988749 -12930.1864471342
-13230.05122860773 -14071.19087606253 -14182.0160535557 -13891.579933285293 -13982.857172506518
-4700 -4945.211297265808 -5064.73760266661 -5532.7885083829151 -5200.541689221574
-4534.0620573848364 -4329.0628994444669 -3921.8786040913997 -4086.965368561579 -3940.8395924331812
-4022.9772212131093 7257.357936980588 -4182.7818941480618 -4395.5481992796467 -3988.821277299305
-3880.1945212808869 -3626.6688321186371 -3740.33295183114 -3575.669842606087 -3612.844008654396
-3137.130227320265 -2923.345186466355 -2899.279856231183 -3065.0420011939109 -3214.218522452355
-3431.18019514486014 -3124.264949228953 -3233.5570168941958 -3123.9687625271299 -3420.110040160393
-3459.12990048755 -3681.617640808432 -3633.0221408956209 -3715.162755045626 -3584.6906406182834
-3590.3525435117895 -3185.3549825673549 -3115.1257336750105 -2668.880157687992 -2680.165370509227
-2168.2084734063546 -2265.726080573379 -2215.5435631489840 -2249.9582002205184 -2508.750705285925
-2313.5677526910295 -2307.131537037003 -2671.1347157546811 -2159.54439268318 -2458.6569738325547
1200 975.2100928689811 1119.2103892346815 1207.9550700374314 1010.131912982132
1175.13143393773430 1346.4296028678091 1458.566216418047 1806.7271329492610 2028.46794435128004
2381.659523639833 4278.7295231949593 1567.53239957720098 1380.631433816182 1496.762874553969
1999.5046585206289 1890.0859774344462 1958.613219432793 1753.0121561005544 2246.342150351664
2416.1925197580563 2246.993703143783 1993.7717719694456 1651.9638887955996 1923.5767148913576
2187.615478241468 2098.413380645073 2600.187037406764 2923.372773024424 2841.375733938157
2406.3496789068117 2112.0015060801211 2426.76550817983 2435.61700798554 2468.2362081306469
2502.9375397895292 2335.6224984246060 2678.708203718239 2358.309337066695 2221.5738989128527
2537.897849710703 3028.5266107699854 2827.646453552524 2629.6325587265223 2556.312172337821
2330.986188607395 2144.10069674598344 1667.5129544470749 1507.60458226814671 1522.3169299873744
3300 3213.0652970314495 3077.4742848712563 3483.9452764444977 3529.088493303097
3675.6834809874445 3544.4041147909302 3339.1832388405301 3101.163539960973 2968.71340795933
3302.141421165554 3070.9333823093943 3250.14881682101 3574.4363686198849 3410.414854111839
3265.673047581353 3327.64831835870200 2994.9124893512471 3297.2454657851299 3175.3069377912334
2719.507368569309 2520.5291781838250 2394.231629580964 2607.563471831028 3181.7348065540482
3427.985678740639 3205.477855573753 3325.664674251423 3192.4404999288690 3297.4863293001458
3437.401182768871 3071.3592469731057 2983.2037365583092 2947.9970213374168 2760.887161610165
2599.6494747016991 2439.327953905010 2312.092954427669 2113.4066554871492 1843.812183473078
1684.69591694775 1610.7933401405160 1537.79975464468816 1661.70455563385030 1908.403658409975
1820.84782332249 1478.262981475205 1272.3487996581873 1375.3748456616140 1614.2849251935254
500 321.676620576686219 560.77026390846959 590.7487544279314 539.95042778109814
604.7077324397338 529.12783527221325 388.866066148602613 201.66689294840796 46.65232199491058
164.27123487820614 454.2087922146887 611.02429455301262 61.6749538523651 60.0568759065622544
231.2465802684778 109.2289790784651 203.30115205746779 320.8084650140164 394.04198262583168
774.98606073218343 691.908154516052036 1310.491576160286 1789.25774002532444 1673.240039958139
1780.4723836739136 1371.9138561752657 1310.7932187190138 1251.1652571511418 1419.0896256289557
1270.0766010256748 869.91652593816127 457.5695125026148 435.69348516983877 743.74842284459839
572.97427877963355 578.920711383371 631.20452013045042 589.0059496732619 798.32242469692062
956.78944243297224 1443.3035605869295 1047.270852025415 1263.79430601231638 1466.52047009848593
1368.092379980114 1429.68980222530604 1565.41960501327844 1608.0426095583471 1515.765737077008
-5350 -5339.210725996848 -5084.64890600068 -4999.9185045593613 -5363.8387591565097
-4880.706083070599 -4627.650007531836 -4255.422821470443 -4574.0183140644740 -4842.666556970050
-4733.52078115889 -1232.875004800482 -4841.722112433580 -4963.5463461129539 -4625.843221029040
-4722.36614004475 -4241.243457624994 -3950.8048258915778 -4147.1574417067604 -4243.263575916179
-4397.610655225100 -4223.09586743983 -4455.8894699534121 -4264.76959629914 -4387.3721287902736
-4263.18149447155 -4249.164255989238 -3911.5551130454573 -3585.0310996430499 -3538.4893127611690
-3487.0345840884070 -4020.7713485609570 -4075.249240238638 -4442.4216922958049 -4448.444543683452
-4231.352817480503 -3714.4221154690831 -3794.5868533924017 -3904.911005782204 -3644.5048175495167
-3623.4405225148457 -3921.91387897182540 -4030.97712709546 -4113.723380670031 -3540.539713309844
-3646.401763481974 -3480.0504578783275 -3215.981483029703 -3876.84078157070553 -3896.4004048041807
-8200 -7979.6463978563434 -7759.6805745748552 -7358.160463595757 -7400.568157284774
-7468.4226411941854 -7734.603650338746 -7624.2899171038844 -7407.9925029326860 -7695.313668965717
-7892.988957920158 -5265.6855609433342 -7801.40865857584 -7325.8138083756039 -7378.96890664208
-7554.7630080299541 -7916.1389260084561 -7838.065997858245 -7691.5284801837324 -8479.8651158046541
-8533.567650135028 -8853.5417110105063 -9187.37865559346 -9143.5992393228207 -9249.19766472614
-9607.913327800041 -9413.289183036793 -9386.1449759283387 -9468.948696353016 -9298.9680383056657
-8835.030385443191 -9019.9148775560479 -9170.300778682755 -9067.405724115275 -9071.701423333368
-9401.638954953134 -9741.836862301328 -9513.3052048383652 -9690.265905547512 -10224.5646692341652
-10118.34224185869 -10003.478591048988 -10085.1194069604007 -10362.626987197447 -10582.315206170533
-10609.243523739729 -10865.060220533738 -11336.297475008674 -11165.32416439415 -11341.19469099646
-7750 -7599.39790018306 -7453.7011122185668 -7753.425852861253588 -7870.241045641994
-7866.43939171806 -8097.9864283991446 -7806.8912152256253 -8167.626723662143 -8306.1306930573537
-8443.3789953748073 -6156.9902865407257 -8304.713152725040 -8404.075961722439 -8476.48917718001
-8519.82961610176 -8783.948913573126 -8995.0939854671542 -8918.4688689663271 -8881.517727091079
-8898.72813974942 -9022.42164679768 -9169.043506255863 -8712.9127636024532 -8908.5205810675870
-8673.742493994458 -8520.0912223932883 -8177.5828432866447 -7991.005127441041 -7660.87541795297
-7806.00750577574 -7264.2213776992030 -6965.5813043735534 -6876.4886283888754 -7045.65181246522
-7469.8592297936993 -7146.626986970119 -7354.221666786435890 -7062.495496682846 -6762.5360245879119
-6956.152185897509 -7024.588523833697 -6659.47153808024450 -6575.855113708184 -6508.3019098495261
-6149.066023174887 -5875.875232595050 -5915.10483229074 -5656.7484538680337 -5584.491931791105
-4450 -4607.9131137219538 -4790.52704859839 -4905.817679397981 -4406.520616017105
-4473.6674682332659 -4952.309036507573 -5312.1535366685021 -4990.848003824888 -4544.91536830957739
-4865.3109868225329 -4639.7560751506526 -4362.599145286829 -4250.032993165877 -3402.945935781675
-3239.142007550226 -3127.9144474604072 -3085.704261154901 -3473.4859364655968 -3465.108530077945
-2922.65043746914 -2955.7460983115684 -2911.9809005762377 -2923.66009085017 -3050.8809618011878
-3153.404546824843 -2900.706163875998 -3214.5393740976665 -2854.1261562115319 -2871.7585035347142
-2619.080627409244 -2982.1224880883724 -2827.64904539011 -3046.34898408464 -2596.692594129298
-2556.3247612892033 -2516.5157304263876 -2176.7107506520824 -2328.6668930612486 -2516.222941996383
-1742.4783195603993 -1522.9245881560437 -1583.2153408127040 -1670.26652874164620 -1506.3035699480261
-1258.664439613486 -1342.9115031947892 -1465.6481689700859 -1693.27790419732082 -1276.252484507122
-450 -399.01875095593016 -503.70167415360766 -631.9351767097897 -538.1038918441373
-711.4495942357897 -970.0025817804014 -956.6073005107914 -853.6159333704537 -822.8121283845535
-578.09020655065274 -245.6191130314841 -496.88565795897620 -317.8049265561114 -268.06113558812001
-318.80634181847313 -544.6486026906051 -627.6355319290108 -432.92098353840322 -27.881142686566989
71.332037259156820 193.70776031179491 -69.300492233402622 20.838768504961791 211.85304143920348
346.52858277658737 758.5151991430347 527.54808879328641 573.9795349861314 604.35969480778544
386.9563158679738 430.00412085999767 309.8108912955432 497.6992902348115 569.03512901902252
721.5634648451739 436.38342031061768 479.17396289406133 638.34407742722522 706.1712902807739
704.82902314266551 1313.916740445920368 1212.9684026583366 1070.5983030440898 1138.0393421256395
1323.2755476423956 1205.4251203688596 1463.850713475053 1281.4057985902953 1114.7713924331360
-1700 -1253.9213520884373 -1183.22846328547030 -1029.9265859932696 -792.173182116425
-511.43355370846569 -761.22975739094454 -589.4010789359820 -107.68185022316197 -445.2678789006072
-285.43598469492429 -211.761706970470016 -275.45711440435196 106.91801551938033 223.54435843048708
110.8761522577934 -179.2339461081434 -527.5208945655742 -621.38553893867652 -883.907259907749221
-1523.1989538854848 -1688.4943862843757 -1876.554454530014 -1895.2477656835654 -2265.7292409526344
-1920.4657138949001 -2040.308903646366 -1989.9778487284482 -1793.7431826388249 -1527.1298574618129
-1995.172742718235 -1633.1343778883875 -1840.516914757822 -2107.6670249429503 -2699.922156045144
-2659.4815331007449 -2451.083359854577 -2145.9320724987920 -2215.038002019085 -1851.6030884633874
-2185.8946472758680 -2146.8678120609493 -2136.6258220538357 -2155.7472137732789 -2230.8958413990513
-2392.959175341894 -2591.2982344130914 -2541.437439184029 -2443.5420531320733 -2738.85698578779
-3200 -3035.5599321535651 -3104.867926079638 -3349.5497684498023 -3410.8655084689049
-3292.7931372419926 -3371.5203733681265 -3788.067311134065 -3899.1492061784957 -3433.829113878453
-3488.076568016544 588.8744044506547 -3892.007851540613 -4013.388525101204 -4035.97997522935
-3873.37650826737 -4349.1383479136475 -4385.81844414071 -4376.634918085319 -4332.4395929567172
-4279.163567749743 -4279.288948665328 -4014.701487926189 -4067.6918171155012 -3928.772681873490
-4412.336082602625 -4537.011852438016 -5147.9354554541242 -4535.139704048077 -4696.80733388883
-4652.8516368985775 -4394.3195969917324 -4172.4513047104347 -4266.266975253075 -4225.0447223592382
-4252.9808537407780 -4364.604435388307 -4553.988363036186 -4363.6130270809681 -4009.250618372574
-4059.217741531014 -3936.700207102305 -3756.871490527374 -4148.39845298857 -3761.583182974832
-3449.1720604409966 -3543.253336601756 -3622.964726981269 -3531.116341291370 -3585.1549340034749
