12950 13310.02923983939 12374.41833365383 13995.822273413427 16182.6898626726870
18017.023627976174 16472.4952495504622 16516.62186379167 15551.11299727169 13937.8198510753227
13358.206279708631 14681.670206657278 13691.976140778175 14272.444116049714 13817.362690516857
14710.6208262512064 14581.093137350774 15717.2647946247234 16523.534336737797 17677.148328728967
17963.433968448011 18312.4940875635984 18907.62553192441 17742.71597008567 19008.772063734265
16166.234131660136 15495.959819655789 14778.663656632656 14013.54725789581 13830.1994558588667
13914.729561799228 13811.305337363472 13354.80427625306 13367.4604698014828 10923.266914999009
10122.171245482115 10667.189512830028 11151.038939179805 11103.0318533745358 10448.3119442661628
10274.8446150492418 10304.134295639229 10270.524191903200 10134.809582308535 11049.480485992221
11256.728979127480 11185.593512701043 11492.961094267474 12836.593346465233 13037.022059040695
6850 5837.6088537755659 5353.5409431926719 5497.471468463626 4347.692711539543
3001.203487933024 3764.0847709272066 3553.4115352597223 3583.929785732105 2666.182369512886
3809.1276284108312 3410.2422036160492 1646.9385663565952 1518.40595362085492 1437.68604446716449
980.13949598039017 1963.6822062579758 2556.352020011705 2290.034094779038 1680.47411757765667
1295.03477926623418 1360.958360838643 819.5777035191742 2574.781812168369 3341.7836867128353
2520.6695817300097 2559.524636177685 3658.575098256134 3870.918695415672 3859.82278838696
4533.1457849321432 4325.009316951063 4027.4692375318764 5012.386610068053 4916.51343674798
4687.28294566996 5270.7630234989356 5033.7327805858449 5164.0387548203526 5241.2816047008519
5018.2933000756684 3021.2115200139569 3957.813199618795 3732.159855340861 3369.7584090668515
2638.798408829243 2285.558485558033 1860.179598715237 1741.992190388761 2772.9745939491486
6150 6250.5974702282656 6185.5369706675438 7421.5588468030328 6914.2153031178805
5696.4401786241951 6024.48564041908412 5679.51888064521 5875.18361665326574 5092.4092120071437
5679.413345600066 6793.943546617447 6094.335126791859 6465.2092553973544 6696.3299890646949
4730.53909675412 4729.702221387737 3578.21542835921 2570.216103078238 2815.283690457607
2487.6036047475609 3022.57115798286031 4445.4797475806845 3476.414915254964 5135.8082282911018
4872.684537423791 5455.8459432251311 4172.188342809315 4414.4429248837341 3623.4826520915067
3675.7681493866949 4889.694941959920 5339.5725455211978 4992.8829278597341 5921.7041205382047
5546.79135994062 7202.9747461274537 8088.71164639745 8074.5688405004848 8762.167670664765
9101.81693113755 8329.2870412758239 9013.307207809496 9643.584281941574 10726.4431132740447
10521.5185435678977 11239.468053049377 13244.0712496897 12583.91627658486 12710.6816357090047
350 -231.8233033076184 -1138.0494423166476 -2454.1446150130441 -2101.9128692247155
-2424.171954084485 -2304.0738566692735 -3574.3977948493134 -3263.379824814729 -3335.000611483618
-2822.0121407048709 -2346.6417428726936 -2542.640162830047 -2955.016134223324 -3967.8568142349413
-4779.007405218419 -5204.077736863937 -5728.1016309312508 -4764.9658407126308 -4181.583452470921
-5170.6867571184848 -3991.2929784515422 -2610.1644834015196 -2021.686813345714 -2117.6124187425976
-2466.372020492029 -2811.5947468483710 -2544.646500337201360 -3152.456977673079 -2525.986175921534
-2593.8232091927475 -4053.0370763040719 -2860.532342240863 -2938.877700298543 -4043.2436077157827
-5797.73707170642 -5861.486491517014 -6114.2381560690919 -5517.6724783367254 -5906.4469990856051
-6954.378510265619 -8346.8108786199009 -9135.266226783822 -9276.856644823074 -9251.899516757654
-8716.0478162149684 -8355.1171721479059 -7082.37917900961 -7082.453335876238 -8796.1249687720920
-1300 -1511.80049629114455 -758.55290810211534 -980.54365256349411 -357.47287800898448
-908.8689420640753 -426.8917419010907 -90.89524501409 -334.64436475363556 -1177.0370629311439643
-1629.91817139142 -1772.6058167859487 -2263.862415865593 -3752.3222729216800 -2912.69931812388
-1483.630612183472 -424.7694555208043 -1910.796062253281 -768.14314859777278 -3015.484376092374
-1313.99791119653082 -2332.9634606117320 -4057.935355197404 -4765.621916156648 -3953.8418229926015
-3909.3461270434082 -4337.7879516297744 -4592.348546321426 -5019.3421089540634 -7049.371028413194
-5634.48696692372232 -6929.505970990728 -7167.624079192 -6567.6726229369497 -6670.892218910188
-6148.630814276983 -6206.475027805067 -5539.5460284356213 -5660.706945991429 -4852.0676846672341
-3793.7777824102254 -3675.4391707982099 -5473.1132655918627 -5318.330218685001 -4469.200126682964
-4066.641364576279 -4751.9568666924588 -5008.455289602186 -6332.3977899120982 -5686.016887288588
-6500 -7259.079883989070 -7682.26973303523391 -8748.083197787588 -6798.950363033176
-4856.159146187256 -6126.30247746205 -4770.884899861388 -4691.4499213512445 -4737.1424484735671
-4211.4840843550983 -3875.7039885686754 -6456.0484830653540 -5708.3369338569355 -6972.91784036057
-5851.5923157620828 -5906.053281253233 -4876.1881667400257 -5032.0328112442421 -4597.984252866001
-5360.256788778646 -5388.3324534011535 -4541.7869746683764 -3304.946541017239 -2453.743466582712
-748.7991392756790 -2273.767485399258 -2705.048120215 -3342.25891886148 -3518.837597632990
-5011.685122138754 -3796.0176166412057 -3713.1009493012766 -4632.1972676427813 -5768.2778134343298
-5445.5631661582420 -5974.7666984584530 -5097.6044029801151 -4960.174006698581 -4838.1404698047172
-4071.689436782944 -4284.4180850426128 -4889.9000124385911 -5179.68110173645 -5239.7208773584543
-4392.615183284073 -5510.774578227545 -5246.6610313975352 -5327.8226473324721 -5714.028630235003
-6850 -6771.187265422366 -6103.876500092873 -5630.3055808381550 -4675.5781122574144
-4695.505168417239 -4668.431270002547 -5769.312597687977 -7356.0750944852243 -7936.9472089198407
-8190.726611314170 -3394.302223777118 -7852.0429553518079 -8397.444831338677 -10585.5351984363188
-12321.56505654316 -11121.369223907514 -11678.370770379697 -12410.247093250173 -12665.64565849846
-12512.455192706837 -12841.831606588110 -13419.099839758488 -13557.407004226292 -13603.3610473379013
-14111.5162637281646 -14276.0757403353 -14535.678609710994 -13872.945535113755 -13454.35618928906
-13012.882672329401 -11563.258604499475 -12457.52218239186 -13052.991685103079 -12430.164304267317
-12591.044270963426 -12896.3490953758246 -12843.94909316008489 -11963.25164797825 -12197.11690326111
-12613.360472980698 -12978.67217422672 -12017.737138738850 -13638.833495547637 -13326.62608975867
-13641.51365973696556 -12005.204307900012 -12385.5139911869283 -13258.49996242038 -13217.050960584069
-20550 -20467.878776157802 -20103.012853452536 -19851.444725013582 -21231.43421621374
-20764.69223661022 -20883.93116852986 -20536.26409863105 -21469.874877013492 -21645.24613471364
-20599.64219761759 1608.4774503959038 -21410.102390519569 -20838.19437616656 -19252.9920345282
-20781.119738805504 -19890.33249733689 -18807.78253267715 -18719.4776741928290 -20792.429165797021
-20426.101841355252 -20565.532169301132 -19022.771734761 -19180.158648990244 -20498.283606450372
-18341.4238998674 -17886.274579970395 -18249.585794309744 -17736.031212255220 -20223.660738172843
-22619.578494025434 -22525.57251384489 -23520.140601729945 -23708.33883862371 -23614.446264737660
-23663.486656029247 -22556.78479208689 -23334.39565442185 -22980.10410011872 -24771.90210908844
-24609.91246905566 -24427.55700768666 -24173.78074850608 -24043.92783920352 -24493.68844407564
-23303.973422824209 -22960.11943961943 -23432.862845288837 -23393.72314519572 -22142.689552372380
-51400 -51813.25010523223 -52252.44254414421 -52345.96862213688 -52545.195059688165
-51800.914161422748 -50603.81480297987 -51210.36122048125 -51691.8587900183 -52388.5879339042585
-51870.0055304498674 1096.561615290508 -52193.36676920457 -50235.5759540683430 -49828.107989783755
-49509.35989760857 -48528.45212690581 -48387.50239885214 -48948.92871501311 -48739.46009827234
-50222.608948746 -50742.26951491249 -51443.97628300642100 -51568.585364521510 -52474.682435653136
-53200.65866075 -53143.906911479746 -52959.397296857140 -53131.765439091541 -52266.559739986333
-53020.30808603968 -53026.92773284182 -51499.374667656746 -51498.17465561542 -50988.0024227860195
-49835.919023954390 -49438.869297861012 -49110.1144411605 -48641.604276560327 -47680.688877630550
-48993.05840571587 -47742.483033703284 -45959.7434983529 -47122.7815873433 -46562.96820706053
-47243.89124709441967 -47781.155601279119 -47893.447100443096 -45938.675858615818 -45760.50654051240
-60500 -61589.10068813543 -60708.262389187417 -61808.92093783805 -59523.04456198643
-61734.67009673001303 -61731.9067302439 -62220.62678578129 -62506.31562045065 -61939.9453633203
-61616.770122276401 -3934.1533736860956 -61041.5560750718 -61633.2700053215 -60653.161875865517
-61883.59053729793 -62553.258843836215 -61655.11968981897 -63279.592230768510 -62716.205823639924
-63177.96497677561 -63044.5204354623 -62721.3846232478 -62824.90817266294 -62068.537382266157
-61453.11123671043 -60543.93875105454 -60429.47304863288 -60488.859496178760 -60719.222781931341
-60532.791265822612 -61853.878314661742 -60873.32357207638 -60070.7778349286 -59454.4938725308239
-59309.077220892730 -59648.350008173125 -59614.71728574399 -59779.717955137436 -60926.429925155666
-60096.7171133383 -60692.138248834483 -60688.03329197994 -61438.499321152791 -60232.681237450015
-60193.3401740559 -61062.367278429112 -62327.332052853926 -62193.88090385026 -63726.568967660838
-38450 -37564.35416278434 -35548.414334822162 -35417.087310149756 -36056.43328301408
-36374.246720549192 -36622.89203444457 -36753.33423798797 -36718.641489996407 -37107.858809584708
-36113.488816392732 -1135.3519549765022 -36972.173678487947 -38240.076706194093 -38529.242824785579
-38186.75138646162 -39007.616216165465 -39100.64499411109 -38711.29527301524 -39811.180181315169
-39189.358269057608 -39317.035724147354 -37929.51731911708 -38028.506503462595 -38864.4464902266
-39870.454432843930 -39220.41371120269 -39868.6196133742633 -38891.72357249959 -39164.61773585888
-38695.40101500373 -38177.962796946456 -39385.918557036770 -40484.628140301822 -40719.134339396674
-41061.421022941598 -41131.737706054759 -39214.44957888712 -40280.4536740973 -39689.222430438102
-40926.519830631747 -40662.75610392395 -41591.63639853660 -42187.62866711917 -41490.56778719473
-42317.51868595938 -42796.1010840993 -41698.546685654066 -42292.31746740745 -42128.73284538443
3350 3625.651565499716 2692.7101048418263 2323.693166444304 3022.108301921148
2893.64898380126 3029.2109983998553 2619.2902125869314 2165.2042012914744 974.3463870919288
461.73181783096845 2479.93793960552 36.04418499384963 -170.23916716822777 177.712509011533200
907.838441270861 995.687732346193 938.6887091736349 778.12306928986061 974.7056596619086
283.1595210938879 61.322329525889330 -1274.680728409981 -463.38910981092147 -465.1377132303782
-397.457377905958 -286.27984174059111 -360.8975216894273 278.9636381760619 613.19708441531361
525.893198850417775 613.77518642975326 -267.64694725418747 -436.9189257180118 -1255.00599536370601
-376.77005587822578 -1404.9146766937256 225.1876288340293 1210.030907087256537 2602.908617381615
2564.3923416775342 4915.2736493561442 3754.525880875965 3161.01766270202006 3402.9410788237474
4049.151083646146 2394.367897097183 1640.3690174305984 1692.484301053727 2412.7264556795390
34350 33050.8369421009 33418.442435657496 35705.86128953128 35640.86953625882
34908.4684199332114 35466.600919630357 36744.5750820571 36712.74239879524 35902.318095370319
34602.051386361112 33253.62547512953 33257.94990597408 32723.714592295 31684.326392830117
31938.692523012807 33141.388630758709 33965.289876763192 33504.237255486929 31596.89712126058
32779.6541664436227 30721.7155934171 31386.2303693512 32625.763970263928 32810.9112719274126
34024.67132365348 35526.5658263226 36399.543524479821 35008.308964387194 36139.03319731029
36001.48698260923 36026.73318388347 36552.12687814843 37301.929451441843 37072.518231820417
38288.16086464473 38828.89991179785 38451.184743192884 36945.12472488222 36208.96664529678
36201.645691928592 35969.60235139562 37934.447253494436 37180.021056296631 37841.635133263975
38477.046629254262 38329.81166245099 38918.53927872990 39821.164245738109 39676.89810848795
53550 54032.6814815524194 53568.737646115 52818.59188722459 53346.47740396010
52603.18527311359 52047.41639420013 51344.446036730325 49687.778061148550 50646.838103170943
51320.13439448750 50675.35412819301 50319.879474781883 48533.227965599624 48699.919678547158
48086.869140037350 47740.76422733413 47777.34403706927 46893.38719847501 47493.04450517397
48387.456308320710 47731.54992678167 48706.347797864226 47874.19688842418 48409.8095708012
46708.65129589823 46443.70487941132 45703.034756239162 45162.21411908144 45270.573173058845
44610.450738865627 44345.8723380008 44235.584840762633 44734.860158188698 44073.306066476012
43524.053260179237 45337.63849277123 45418.48615768417 45061.823682198 44123.45623338375
41868.69631136875 40992.40192313704 40993.939456809370 39860.702934618042 40420.3346144568
41215.83927627307 40266.113285645668 40229.29322785779 39324.48644151387 38305.03583100937
59650 58264.36170051267 58747.172688157960 58936.965428128940 58689.109520866521
58483.2825690704121 57276.53053169438 56848.25022429418 55571.751348993268 55509.935210078853
55942.557482286553 56205.39302747650 57491.49551173816 58153.406227619060 59698.15948851244
60671.15145331515 59513.064904089362 59789.26706480765 59909.787078427173 58614.967081352857
57665.207308932135 56060.68707073542 57126.847795503134 57617.50238635028 56956.78368587700
57061.1243847022 57015.503687742261 56947.6023781320182 57856.5218748977 56318.377546637654
56333.32212572064 57043.818041088321 56647.499244518331 55360.91638146666 56002.335109212
54911.508465001170 55570.53938553905 55518.376927713689 54578.1724532586 53551.9451405233
52863.24152691817 51972.927190619499 51267.153519962478 50587.713298326773 50541.638546820257
50511.995687026916 48816.198349776932 50203.3537704913 49747.074137551994 49809.48231308738
57100 57696.6724869144 57037.1679236869 56855.456358326650 56883.714473401560
57264.55341671707 56223.26354830417 56254.100853363569 57607.862816337525 57281.32126623717
55546.224954204306 56209.4059001048 56580.019326990951 55116.636783164322 55413.466172139211
54857.77447560108 54458.14592278880 54555.875388602639 55957.64740479084 55949.44347176468
54179.841557723194 54839.148267726508 54028.050728431008 52566.09982973323 52934.72089143465
51961.55749092606 52258.945955975374 53232.3436671868 51489.52906469088 50972.89824519082
50838.90309563007 50791.061637457358 51149.72003835466 50508.320159775860 50701.118926864845
51863.03957036271 51712.017490868522 51826.60739180806 51944.36945921192 53031.356217407512
53351.289192092605 53754.0618272404317 55571.79992823488 56435.941425381308 56280.71699488699
57364.41140841984 56412.81206160380 57191.278787498464 57929.945034168915 58713.5341744677
47950 48105.19051901733 48769.1534799686 48143.59710433357 47097.584621022092
45804.39705147090 45232.470935064594 47043.42947729233 48449.048300642775 47621.06556656724
48618.618281063100 49015.7765964642676 49281.828420585320 49511.52558571028 49483.79184450934
49506.158477998193 49569.22394182847 49507.6092199161 50733.23767399967 48917.855289442865
48295.4699602093897 48062.4210846587 49555.002774264234 50737.077255351185 48846.78516928859
50138.18624085088 48600.123096633324 48449.436944892535 48326.960945435363 48456.109412182523
49577.10310549838 48083.703414088 48358.855330612358 48980.710477014021 49841.672058223259
50716.841263424627 50310.67524925321 50138.95782521590 50975.311686259 51120.164369767866
51251.32019311857 50757.364447599961 49562.31481292683 49424.40506755996 49335.19536061567
47714.269665833912 48656.439424348471 48187.511609100846 49327.71877997169 49584.793787675255
37450 38019.19454917033 38426.8136911323 38825.511962542674 39212.867557172693
38480.49846854881 38503.195296010446 38279.615190839053 37853.939207937801 37255.805628585709
36376.882163449722 36571.926730581908 35562.727090227854 36270.48492134323 36500.35399767871
36063.56937347462 34909.040727761880 34908.03291380504 35141.9826132684 35773.578016672196
35418.90601640023 35755.08208789677 35661.973194519669 35975.671997338970 35970.997447732625
36992.76507864746 37070.88548443175 37500.80893230279 38822.23463335304 39101.421818258212
38300.13638968968 36887.742388858082 36545.150949582763 35356.4648648506118 36903.86747439468
36444.339052029776 36764.97680716818 37276.5959200135 37232.6199193052 36979.20272194547
37077.58787768346 38518.86178862613 37567.935887778920 37156.230186927081 36733.82430064837
36352.714071933406 36466.425440425002 35202.215097930370 35870.374703263682 35152.245698800994
26650 26143.413320822794 26881.97806834697 27781.92893617791 28004.66844493575
27534.764810269255 27507.22807132065 28369.06078562106 28656.968887329025 27399.241866882647
27232.773330943950 28149.62662849735 27806.24611998453 28806.41852677609 28416.8778857666
30048.10823735455 29562.665592424230 30072.989162469563 28737.91863064438 29419.77848987796
29496.64340502616 29018.86221007313 28266.80183341707 29076.60371857114 30065.50132689402
29584.940565645567 30552.65134068245 31426.028758821012 32293.574370814622 31937.11079115540997
33000.828955910234 32876.08195371705 32257.85722736832 32436.438883942006 32614.382066981561
31831.210927702501 32653.36626689503 32323.12614719234 33025.93927274417 33067.218541660688
33247.558756408260 32475.6934623979 32802.03544443183 34269.31365795162 34410.793721846727
35186.17798388372 34986.0231981648 34898.836658972519 34730.52800486455 35789.988369711900
13650 12879.74617562839 12867.204884727082 11111.0184113739015 10854.4272010374716
10530.7282864686240 12029.676232935912 11806.86957805996 10292.928657683973 9822.131417361774
11081.190329523146 11436.595338276511 12344.548948557156 12977.878993097132 13798.644763551114
14184.4743178634271 14909.313448432993 15148.036098126169 16692.66529331969 15845.83235553626
16675.54090041994277 17835.91109469977 17657.7621849905 18500.702922220364 18014.593340701715
17201.02958086295 17136.151871005288 17591.670337378782 18477.824360211493 19524.6809983715939
18154.393682090173 19629.866202891135 19818.283031026498 20048.414263731127 20271.414869352087
20734.5914390058024 20760.43433647936 21930.311671826254 22663.382158598899 22097.243638106698
21388.288617874474 20535.0951120466 21757.125192949377 21159.16350767434 20297.410021051404
19968.3314289410773 18294.35184486412 19089.290554006784 19443.71785585164 21017.24166760645
5500 5961.9014390164884 5508.449091135805 4883.5492578383619 5108.754360597577
4858.575533605966 4591.8296616412781 5475.12358370954 7080.59866037996380 5955.6899423741042
6757.306094426718 7549.321974612815 8007.8075838323612 7646.42108926455 8008.9143222097728
7629.0112373176325 7582.9602549995661 7738.6817965509763 7446.2706199976210 6759.0140457872330
7284.4806213982602 6484.842095195863 6939.037745383352 7028.5576562005153 7070.382685144105380
8408.4717002599882 8630.2865647009839 8724.78184791903 7144.778602713098 6441.3865313615843
6521.931544806023 7526.0205363103014 7716.8405887106337 9573.398462954026 10784.139904221895
9496.62069179724 9163.597216361715 9960.540705441537 9928.330126178573 10204.169245345876
12011.58593418391 10797.733095429057 11098.227778208708 10458.943658609320 9044.874522660615
8914.8833314056628 9193.9344559384426 8743.768752614777 9789.848586776843 10102.596802312421
800 556.11130347363201 1951.5502989862193 986.2514931685395 556.602995301116152
912.10894666309446 1217.226186857587 732.9647195207926 586.86415052524319 1971.559487954288
2603.7979689358053 2081.146861450333 2468.2048072371954 3430.076896062569 2066.588324588457
3081.55724178902119 5064.6220643282941 5157.6247540959366 4997.4867928693038 4063.4252123321558
2147.081031566689 2065.792033901404 2695.541421025953 2984.7911888155454 2426.8244194890772
3471.180644504385 3448.200602902592 4766.735084430739 4697.2141031208 4642.71466282941
4955.483811475970 4305.3881851943770 5261.237670403764 4285.038618364424 3252.293903383653
4930.2626283944510 5634.57883664047 5211.84272019643504 5684.3101614277803 4693.4492121414532
5826.3254892057612 6139.22511274712 8124.3251051571915 7230.1579492684632 6375.160647392408
6236.7910202124112 6956.827660816169 6426.91103497507 5233.2829506599 4739.4837226703348
-4050 -3072.4501217873512 -2168.95260018378758 -2048.7986520561794 -2064.5134083377397
-2289.060704833893 -2457.9006563898697 -1518.71246192363 521.4941529380990 418.6973651442476
1329.076926269496 17690.70120091732 -1291.925967652568 -1148.2644454188774 150.48669260765541
-69.39104510381694 -464.06710210298684 -2690.113960777904 -1931.4771344993355 -1286.018448708464
-999.4749001538032 -1273.26017087793434 53.01163024539323 1255.3423155954556 1751.461495678671
2821.607646254649 3624.0029606134767 4284.8095447255000 1737.33624264516675 -99.19701860415853
521.72040374901428 1686.947346714682908 1662.615685123714 3232.362717880477 3508.1446774348447
3002.57179549741 4597.081029096086 4343.891012771122 5036.8731072022811 5893.2424117836063
8208.049520379021 8761.4898114319149 7596.5207224902506 7745.4857850996023 7802.5139677416646
9367.711165485103 9080.63311217032242 10555.057103532730 11421.462385092715 10727.30127955194
-11600 -11598.085151410734 -12176.2601935443 -13238.731611257128 -12147.3967919591250
-12220.733655922852 -11073.8508588895493 -12418.18154430440154 -12467.6785403417052 -12230.3620231582408
-11559.22191519861 27885.146691730904 -9437.71724157966673 -10244.90998615718 -10506.3425443557026
-9621.910754162003 -10333.1052447973452 -10352.322132102860 -9341.7780763328992 -8776.126475497249
-7630.258677313397 -7054.266722208838 -8285.6340790288286 -7046.898291947359 -7034.41595351024353
-7780.708728570696 -8335.673077376139 -7344.8772602982035 -8160.7365005368774 -7161.292451276741
-8237.27638946799 -8141.694273499520 -8209.3811929373151 -8304.018537051617 -6649.282295061957
-7198.69047033657 -7653.148624113916 -5548.26928962962575 -5439.815186108688 -6300.817216299918
-5546.02631182145 -5651.33878335912232 -5281.4281963308676 -5881.362050355116 -4511.8034140768859
-3406.8895790950946 -3846.2361578686587 -2508.499650642553 -3309.427262783244 -1997.893033751586
-15900 -16730.14343720717 -18294.905700495863 -17584.323496670757 -17755.269913179342
-16983.43463567405 -17271.90468676831 -16863.9596803865206 -16549.48601793241 -16805.66631883892
-17412.4129730449313 29933.42152754008 -17569.908507121869 -17809.852032442504424 -18687.547700365936
-19000.327235179182 -20699.573285225892 -21455.474769942743 -20273.787050019902 -20258.95124439872
-20563.601262489683 -19578.88153302894 -18517.865353589070 -17972.9694218840668 -16341.1306464800200
-15399.3996496303243 -15655.5930158618 -17246.178311445234 -16477.3087572795012 -17227.22164445743
-17704.0553758234673 -16819.44486171088 -16614.0142443411605 -15517.3877553040074 -15240.734288316791
-15012.824790691528 -13943.57235711439 -14178.285468613987 -14315.2419140113616 -13532.717896690736
-12830.07420837821 -13744.4158812477435 -12369.953208579294 -13215.7088819143628 -13317.6691128515231
-12877.1211869138024 -13696.6642355995664 -11965.494554243254 -13289.549136287535 -12224.97871402969
-21800 -23122.1431230136 -22195.954286902943 -21771.076370785901 -20982.08752384281
-19773.440606891894 -19191.574762112 -18435.397920006035 -17053.79018074748 -17500.48446218908
-17701.6386143104173 21589.966827461805 -18054.556782750213 -18589.829618594085 -18956.793458051845
-18322.143392860264 -18881.7091789032 -17935.443670093540 -19266.638516590283 -18164.88066286172
-17628.98232678822 -18523.13110624753 -17682.94016551422 -17190.452377051988 -17878.2966075991
-18907.588517023985 -19075.617509553198 -20699.20755744455 -20293.233753836797 -20787.36021534211
-20561.224381755528 -19065.768309007060 -19421.428028360529 -18460.942520775232 -19241.861371978441
-17774.2178120254830 -16999.10279873493 -18549.133706273689 -18553.31087192144 -18968.69304454941
-18613.40576458977 -18970.30352270732 -18957.125131629022 -19530.202268440487 -20698.342436974475
-20886.42476001683 -19855.523053925030 -18795.757676150817 -18569.55200522997 -17492.491355744074
-21000 -20084.431003069098 -19660.2368405525995 -18653.50349075360 -17927.996981230077
-16290.0105039676819 -16076.4658218120239 -16365.07143260984 -17327.56666283487 -18553.82410223455
-18872.141392657464 14642.80534051318 -19692.61222986567 -19086.61371407859 -20149.841649046979
-19494.72488411058 -20094.540995842239 -20722.49258786633 -20474.078170180277 -18303.001218120175
-16148.528407005171 -16816.236030362190 -16857.121082468188 -17536.338380877893 -17521.89256585867
-17322.76688233037 -17603.56418117286 -18171.790294892238 -18654.249496580160 -19076.440772235695
-18334.325513802756 -17101.933071735653 -17110.29288661954 -17566.20340357935 -14712.838518283375
-15363.3057954687029 -14887.34655544778252 -14060.4613334940277 -14495.584802518357 -14819.99254084492
-14888.29977113512 -15651.46879641077 -14999.08671635183 -15415.8308573012 -15702.429081257889
-16041.1702295908417 -16091.054637606732 -15967.617552799498 -16964.658896212259 -16995.718083804470
-15450 -15176.141005155287 -14334.42851220198 -13913.03323836103 -14078.1239558049074
-14095.33929897436 -14355.81045193596 -14644.809169847278 -12607.36922467059 -12528.6610393672599
-14241.892897300961 10009.4541779563660 -14927.21824857082 -14237.492578142872 -14686.654625954739
-14477.167795407917 -15550.51079748897 -14676.718581259289 -13577.994776546471 -13383.77410826527
-13336.42950386734 -13817.803779909496 -13822.2710069702625 -13333.13741408764 -12617.167308548816
-14279.75332648365 -14298.0915870102053 -15235.72707869566 -15087.484194723498 -16635.404300059974
-16463.8583085881 -17157.63891420232 -17014.95623314238 -16481.452197445371 -17081.144825292427413
-16759.348725100695 -17372.27869961852 -18568.83920924842 -17691.403752725495 -18795.9693581412
-18193.559315515442 -18090.34062104341 -19444.627283783273 -18962.2951204415 -18276.65850334641
-17023.292235926 -17957.306225049044 -17159.918358653060 -17092.2930975285 -17381.93796823523
-11600 -11425.06312660019 -10904.489149700377 -11111.424840325737 -11900.738008904402
-11603.866998924752 -11539.9815244102865 -11695.6358527344455 -11214.828689705815 -11318.888896393473
-12366.55819967583 8654.794507038365 -13201.73654048664685 -12438.42658596969 -11431.637145233253
-11354.566019393294 -12322.4923814291051 -12354.425849178650 -10895.355615037286 -8961.37986024811
-8059.15577922249 -9388.073039334577 -9065.724819050509 -9614.39871787886 -10922.578823912292
-11575.184262130555 -11991.929208179872 -13699.2536075992266 -13100.7243917699816 -12735.829423928653
-14391.882357137874 -14181.03390943641170 -13444.74653915372 -13045.71696026987 -12064.437248264
-13660.594927191889 -13707.045280417035 -13611.64999422320579 -13866.1759814845 -14502.809394678454
-13857.605784411693 -13924.010716473258 -14214.64344228067 -15825.093418473871 -16033.9550294739802
-17033.5043054964699 -19837.303134002515 -20206.720397554374 -19238.60000341673 -19542.857475228764
-4700 -5517.3709928268754 -5915.79201233355 -7475.961700836441 -6368.472305543924
-4146.873533532143 -3463.5430085020644 -2106.2620266513086 -2656.551242510898 -2169.465324053087
-2443.2574220470456 7274.52645660196 -2975.93967066475989 -3685.16068898916 -2329.404283332733
-1967.3150979999982 -1122.229469180546 -1501.109868515431 -952.2328386417056 -1076.1467270905348
509.56587681423412 1222.18267838537054 1302.400445332796 749.859961026104 252.60488872680679
-470.6006881524194 552.45012878539274 188.14323374399709 553.4374119690077 -433.70018257244078
-563.76638578658867 -1305.3921898547392 -1143.407191841121 -1417.2092419177254 -982.302194771299
-1001.1752056354344 348.8166620557183 582.91415648004340 2070.399408266107 2032.78203042152
3739.305015618912 3414.2463231502111 3581.52137917066148 3466.8059188336056 2604.164232372329
3254.774072554704 3276.228123253188 2062.8841920706323 3768.185266235177 2771.143325934034
1200 450.7003100588067 930.70129832847419 1226.5169017145734 567.10637868506910
1117.10478206887865 1688.098678869564 2061.88739138270375 3222.423780064932 3961.559818574688
5138.86508339604279 4229.0984106498645 2425.1080045918320 1802.10478569970019 2189.2095884001928
3865.015535311978 3500.286598797538 3728.710738866889 3043.3738613165342 4687.807175900806
5253.975074060582 4689.9790190052645 3845.905915219268 2706.5463049200193 3611.9223922729821
4492.0516037559864 4194.7112791449335 5867.29013573824 6944.575921896024 6671.2524588957058
5221.165609333424 4240.00503401004 5289.21837477536 5318.7233748706849 5427.4540422622449
5543.125148103118 4985.4083440955765 6129.02736222191 5061.0311404340955 4605.246347040840
5659.65951768076 7295.088721699858 6625.4881981678327 5965.441882957399 5721.0405957380208
4969.9539837629991 4347.0023446032410 2758.3765374824152 2225.3486309190139 2274.3897907839296
3300 3010.2176581342223 2558.247618656243 3913.1509258536144 4063.6283167247166
4552.2782762183342 4114.6803899061524 3430.6108052721056 2637.211809680248 2195.71137105809
3307.1380831924930 2536.4446214432310 3133.8294059065620 4214.787912758788 3668.0495317286131
3185.576844273354 3392.16108140648 2283.0416515875004 3290.818240315824 2884.356481474412
1365.02458444878403 701.76395072587763 280.77212240294580 991.878264007147 2905.782714093415
3726.618955584295 2984.92621364791 3385.548944556228 2941.468365586408 3291.6211318639007
3758.0039782507101 2537.864194370184 2244.01249417816280 2126.6567788183256 1502.9572470574628
965.498291551885 431.0932237206483 6.9765601186251160 -655.311101960440283 -1553.9593407619068
-2084.3468922335237 -2330.6888135818663 -2574.0007637876347 -2160.9847580807664 -1338.65441345054796
-1630.50719581124054 -2772.4566675952451 -3458.8372721609130 -3115.417116892003 -2319.0501829167010
500 -94.41126453790582 702.567546728038565 802.4958487555223 633.16809346947753
849.0257757476259 597.09278534218322 129.55355521306973 -494.4436886855589 -1011.1589249876229
-619.09588182406333 347.36264279824252 870.0809843438597 -961.0834845286055 -966.47707758078
-395.8447295592897 -802.57006667620658 -488.9961567150053 -97.30511343327032 146.80661211190852
1416.6202058574431 1139.69385193933431 3201.638590806973 4797.525803807201555 4410.8001370695438
4768.241282920446 3406.3795248875645 3202.6440670004745 3003.884195426561 3563.632090611179
3066.92200882616044 1733.0550921867757 358.56504758202027 285.6449567823329 1312.4947491320331
743.24760237851001 763.06904461688634 937.3484073075225 796.68650594356018 1494.408089544459
2022.63148254535963 3644.3452099286169 2324.2361816094772 3045.981028597582 3721.7349091943806
3393.6412756580285 3598.966016632954 4051.39869281878 4193.475374927213 3885.885800323093
-5350 -5314.0357555320916 -4465.496357256867668 -4183.061688952405 -5396.1292064526097
-3785.686953717755 -2942.166703558545 -1701.4094197144971 -2763.3943961195523 -3658.888541380794
-3295.069291022806 -1076.25001600160658 -3655.740401533784 -4061.821181852747 -2936.1440993150663
-3257.8871642890572 -1654.1448915159838 -686.01611940501971 -1340.524839786625 -1660.8786223300190
-2175.3688873104265 -1593.6529294777833 -2369.6316050957903 -1732.56536083094988 -2141.240470771391
-1727.271691117671 -1680.5475660099012 -555.1837594117615 533.2296151830299 688.368902022586
859.88466184780373 -919.2378898072644 -1100.83086399647186 -2324.7390408327210 -2344.8152132002442
-1621.1761272447989 101.926210375947448 -165.2895848457537 -533.03676119042689 334.98386423274803
405.19817515785144 -589.71301520845645 -953.2571779664489 -1229.0780271215938 681.5341941000079
328.6606914766073 883.1650418022541 1763.39495554701261 -439.4693760424564 -504.6681237243769
-8200 -7465.487996240643 -6732.2685879263445 -5393.868222849507 -5535.227205148648
-5761.4088195362338 -6648.6788525266347 -6280.9664130503515 -5559.9750341528215 -6517.7122577002619
-7176.6298911439517 -5768.9518698111142 -6871.36223626074570 -5286.046071053590 -5463.2297335900676
-6049.210073984042538 -7253.7964702489780 -6993.553376926498 -6505.0949862072521 -9132.8837744386856
-9311.892223152794 -10378.4724282959214 -11491.2622444502649 -11345.330858796435 -11697.325612649374
-12893.0444917214845 -12244.2973473641468 -12153.81666192947 -12429.82906857656235 -11863.2268793259664
-10316.768040156105 -10933.04968576379 -11434.336025811361 -11091.35251566331 -11105.671514705180
-12205.4632888980395 -13339.456317097076 -12577.68412883995 -13167.55313382776876 -14948.549015877999
-14594.47426693705 -14211.59543424045 -14483.731490874037 -15408.7567643185 -16141.0508326390027
-16230.81189434448 -17083.53421957611 -18654.325071530948 -18084.414040930431 -18670.649135077110
-7750 -7247.99300381054 -6762.3370464088921 -7761.4195198049838 -8150.8034988934760
-8138.1313204288117 -8909.954778403300 -7939.6374055435299 -9142.08910191324 -9603.769003145979
-10061.26334760239 -6289.96762180242 -9599.0438811743043 -9930.253246509212 -10171.630632925562
-10316.098764965516 -11196.496426041853 -11900.31333283876 -11644.896279281222 -11521.725809036876
-11579.0938521256248 -11991.4055443892612 -12480.145076746196 -10959.709269711373 -11611.73533029936
-10829.141708762889 -10316.970808012797 -9175.276215647118 -8553.350501106177 -7452.918140153799
-7936.691769731424 -6130.738014420705 -5135.271106131397 -4838.29552431408 -5402.1728061263329
-6816.1975325648400030 -5738.7567266546321 -6430.7389958147733 -5458.3184312828016 -4458.453527224576
-5103.8407400745336 -5331.9618696811822 -4114.9052539012446 -3836.183844986764 -3611.0065035895095
-2413.5535509764709 -1502.9175848200898 -1633.682920640791 -772.4949970839438 -531.63992866616650
-4450 -4976.3770475774581 -5585.09016525624338 -5969.392270555453 -4305.068727762789
-4528.89156921932 -6124.36346482835 -7323.845134549450 -6252.8266926453834 -4766.3845761264
-5834.36997312083 -5082.520269037436 -4158.6638398770747 -3783.4433339615016 -959.81981024195647
-413.80671745822781 -43.04818545531765 97.652435285422811 -1194.9531499133927 -1167.028463489459
641.16517802640715 530.84630734424570 676.730299318966 637.7996640333079 213.73009283524289
-128.0151917486544 714.31274878025658 -331.7979546323503 869.57943548238745 810.80494210382801
1653.0645271780591 442.9249887419185 957.8364627972414 228.836664393670162 1727.6912966836785
1862.250738329722 1994.9475058617707 3127.6307699928175 2621.1102938715985 1995.92346240836332
4575.072198989823 5306.91796852742 5105.948791053973 4815.7781613747738 5362.321354598369
6187.7851206753357 5906.961574001528 5497.8393527398684 4739.073566054392 6129.1582953853340
-450 -280.06250337225993 -629.00558084185127 -1056.450589628808075 -743.6796402596924
-1321.498648306293 -2183.3419402593295 -2138.6910029485930 -1795.38644590595209 -1692.707096141586
-876.96735689256684 231.2696213540343 -606.2855287803562305 -9.349757554197481 156.462878915322221
-12.687808652783104 -765.495345058036 -1042.1184425474612 -393.069947996018527 957.06285468822057
1287.773454455374 1695.6925311754048 818.9983559765727 1119.4625583326981 1756.1768013091737
2205.0952723152986 3578.38399327044 2808.4936251675699 2963.265112189958 3064.532311362758
2339.854381360059 2483.347064379711 2082.7029656691702 2708.9976285214552 2946.7837577117075
3455.2115436821555 2504.611395030308 2647.246536794787 3177.8135850946665 3403.904294436663
3399.4300701503125 5429.7224609781024 5093.228001488839 4618.6610024460924 4843.464465772649
5460.918483989437 5068.083726269127 5929.502369753112 5321.35265320820145 4765.9046323840284
-1700 -213.07117433013377 22.571787802423358 533.578044436882 1326.08939000147188
2261.88815108017 1429.2341382851791 2001.996398839786 3607.7271608689839 2482.440397898214
3015.213377838404 3260.794303017547 3048.47627681718 4323.0600427886648 4711.8145188173157
4336.2538310703121 3369.2201692278954 2208.263674263739 1895.381526036383 1020.30912221977223
-1110.6631912355094 -1661.6479663597320 -2288.5148606938492 -2350.825898269358 -3585.7641496863162
-2434.885726608156 -2834.3630267859216 -2666.5928447476126 -2012.4772922001143 -1123.7662091558836
-2683.9091607787468 -1477.1146124305 -2168.3897359419725 -3058.890104278258 -5033.073874960608
-4898.27179892023469 -4203.6112222011307 -3186.440265029774 -3416.79336397475 -2205.343652764013
-3319.64885066676 -3189.5594006419228 -3155.419434696965 -3219.1574083364503 -3469.6528348082170
-4009.863948602313 -4670.9941460422033 -4504.7914960467833 -4178.473543531494 -5162.8566535183845
-3200 -2651.866441833313 -2882.893089277554 -3698.499232405479 -3902.8850337709127
-3509.310463543794 -3771.7345849431799 -5160.224379307010 -5530.497363441375 -3979.4303904493017
-4160.255238979412 679.581348168849 -5506.692854471811 -5911.29510050382 -5986.599934907514
-5444.588379317587 -7030.4611793105159 -7152.7281669336917 -7122.1164140124511 -6974.798664687528
-6797.211914366863 -6797.629851620387 -5915.6716494991570 -6092.3060808775008 -5629.2422977164042
-7241.1203009894316 -7656.70620233478 -9693.11821431114 -7650.46571166588 -8189.3578127899164
-8042.83882426828 -7181.065359953691 -6441.5043868372541 -6754.223290627275 -6616.815781624363
-6709.936220392863 -7082.0148273305012 -7713.294587439139 -7078.7101352790814 -5897.502107458795
-6064.059188156927 -5655.6674080296525 -5056.2383541830250 -6361.32823139032 -5071.943999992414
-4030.5735927722444 -4344.1778476501959 -4609.882483694448 -4303.721199927295 -4483.8498444365077
