-3550 -4858.392685846939 -5346.1462860783449 -2836.849436799738 -4184.6898323315017
-3196.2056018258140 -2549.744157959444 -1791.5847873538344 -4038.5559828530131 -4181.474589656118
-3667.397003279244 -3052.870630549215 -2822.463731776587 -3390.972030592916 -2509.480875327888
-3861.8339270192073 -3235.833098343904 -4062.354616204938 -2879.23148404494168 -1973.80620371601
-2966.3257868255 -2554.4697350057240 -5024.338466944338 -4690.099169606839 -5139.8882290375041
-3533.5688488048618 -3630.711827637354 -3860.6353366605772 -3518.0640126485064 -4889.3640758426282
-4457.838910230059 -3448.6117355042511 -2855.819690905907 -3656.362373249028 -3763.876497709814
-4069.594724342489 -3955.9270663694938 -3814.92457034908 -3892.156677170432 -4164.5348726583069947
-4005.4308969111330 -3576.974646001193 -3573.4589638859125 -4531.344493077597 -4641.758896057460
-2252.4732917616730 -2830.080634495439 -4427.5858319851504 -2487.550421283278 -1109.0113572064413
-3500 -3803.8181388771568 -3057.2609230633757 -2857.337718008463 -4329.2301387351436
-3552.421553854725 -3785.5699982016422 -2807.40774854983 -3341.4533356656771 -2980.2859665571859
-2802.4245126025608 -2328.92035860234091 -2477.584164484094 -2946.0454536104153 -2233.227328229148
-1462.65105796004673 -1511.643339947852 -1543.32264134985 -3393.7807626980666 -2804.2256477915657
-4280.7841241831902 -3589.478203161733 -3549.058251023498 -3640.460480983922 -3663.270282405429
-5919.827118511817 -3507.243631875164 -3304.5616294213783 -3620.3904423777731 -4207.963091436488
-4384.910801158296 -4484.0369465125177 -2871.4608696765349 -1969.4069609844248 -2128.281310954856
-1981.4904474911625 -2504.603637650289 -2882.5665935280504 -2712.3958623912013 -2101.075376200812
-2709.0965379641939 -3641.823480044962 -2825.5791675401970 -2015.33380524673 -1992.045805523212
-1694.0085628086874 -3348.0985601820062 -1692.16369904618023 -3217.407115649899 -4539.73613996336
2700 2703.103462914866 3255.0451387709913 1385.120798359384025 2758.3601754930460
2723.457920961916 3036.9726754569497 2842.995960616204 1062.716175593856 829.780425414308
2216.2153385010647 2529.084075900087 3090.2929871023402 3195.2126188196667 3547.5132636018629
4766.1137185383213 4608.6920827069316 4804.7622505391282 2587.2365180244014 1560.22650362134209
2499.537847710752 3254.99505615102225 2785.2820267404095 1346.472557270933 2939.0944446792246
3013.339910324905 3228.4447953377185 3783.3176783202407 4024.6417558479188 2923.52605219064
2835.7972338756558 1778.67430106347888 3071.371197660788 2182.76502339450417 2476.790623874058
3134.5369729757294 4858.5598565221208 2865.545158141443 2135.1848119223228 2275.029209177722
3067.4282875336753 2822.161201011118 3219.4843617480915 1958.8307248453450 2104.923530166238
2637.11425041534 4071.2478064029710 1788.83469213459830 2292.172162838833 1857.0301537243743
1100 153.09361623888714 90.651307337024036315 28.559532539674109 2390.343566005184
1243.7874487532699 583.4538528653650 1185.520327886719 1094.8424229357622 952.5939304528480
938.553360599086 863.82723734765921 1307.230285439212 1561.201947463668 1813.939540936702
2678.284863734191 3160.1530265349929 3985.851134649898 1751.2076982829522 2608.9194923376199
779.9960212669178 1748.7569527196597 3498.296460204819 851.22436043562163 2385.192505927612
1654.4268783148389 825.5165846367024 1594.755153910462 617.3286254758433 735.2320006828537
-7.6537155508123078 1711.323549736992 3217.373175970646 -211.8389986063364 160.941500876562
612.7258718594412 1532.2436121276103 1827.9916739488583 1568.49140993705669 1273.212259501104
1042.4640607825045 820.056128657794 1250.0001914185091 400.7319503571826 1878.0783358293365
825.0849840805997 316.8578918780037 1076.09446152118244 1300.1246189662875 2133.2735485357152
-4000 -4973.6234264602444 -4790.290553802530 -3463.2666550139993 -2883.283351574258
-4259.740470144048 -4348.7311517148501 -3890.8412063965170 -3901.230060529143 -4470.2827198947407
-5669.2820132016741 -5093.886990575319 -5127.1058686746765 -6207.939417740055 -6088.558811243639
-4616.057451322438 -3871.05032658838 -3926.457672915052 -4347.427346265245 -4627.3080614519495
-4077.504232379407 -3916.8641508158412 -5521.0071182902157 -4591.60425534516253 -3611.366423468854
-4101.548277280045 -6420.137187449189 -5472.027007278198 -5621.6758236639162 -2879.4725162779810
-3362.1729793073246 -4004.011637822343 -4591.9808900726775 -3931.194095085753 -4566.969133836476
-4441.3199288973374 -4093.6051306988111 -2915.639615861038 -2973.1953129932913 -3110.5432801700872
-2563.0892136137982 -2379.157680938006 -2469.993434352199 -4075.070357708075 -3499.777724716544
-3649.871847880468 -4426.27411676618522 -4104.2167992317982 -3876.3643770622234 -3658.16301084188
-1750 -724.1677225917248 -602.42955092221905 -2205.3699566941127 -3500.1997295894625
-1508.48236282839616 -2132.732686318943 -759.563553090117 -828.02793246475323 -1201.1584860466535
-3132.619871726848 -4045.6476509077711 -2717.1533299345510 -2351.1568909260295 -1951.7715661650348
-1730.2057011422833 -2290.3759916175759 -2497.697364363442 -1114.4323874544114 -1747.855534606867
-2270.572877435587 -1312.962778595512191 -787.311571963678 -1526.4140750087754 -2476.4257884774574
-1918.3811664337209 -2099.12106758967 -1814.6074665873475 -1897.1405172291161 -1923.4328310438013
-2589.799526400822 -1517.90006398211449 -1195.39621761494664 -2089.9607176660206 -2437.1573185172592
-2640.397421989668 -750.6459055560119 -3152.855562151832 -3014.84777785559 -2134.5619036526978
-2176.855369894194 -2996.4108217927514 -3937.268675177721 -1492.5681250012053 -1389.01244441393874
-1024.60905317648985 -2324.590146268438 -2629.21720544838172 -2873.3725304702352 -3261.5442798510967
1350 -559.89092849338817 -656.7542563600495 658.103782545424110 -312.3552507416298
1033.40646595874 1800.38631307619721 876.4861786677645 3044.9069094082797 3084.5817385126252
1728.0373066280681 881.990792066043 1473.134433882635 1452.30501875280629 600.7187587029438
802.4287077618490 -63.389482200930161 -80.716326186135845 1008.1630697894115 2895.2461841627464
193.3911268015602 -1348.48646259404632 1306.8863483931395 1078.03687645027594 1019.9020165499561
301.7650317679254 994.2069394025136 1188.3527874112392 1783.0870096558574 1370.7299080959851
1243.403332008874 2235.4244312991650 1619.4090174258242 1263.8109729577659 581.07941364268129
1158.0917355407355 986.8398543729294 3122.885521855509 3571.76691907564 4709.746574054156
5372.29273354827 2032.3555114586457 1986.3134905323245 -367.73462351895580 -1806.421582941975
1872.1323092215491 2986.561752863578 260.16982772835604 2043.7974755977623 2586.1311057556454
1750 1545.3756777441879 2493.4826428663209 1378.6316719057509 942.14742701322666
947.8418206614458 899.16485672767647 1581.6426756161882 32705.43824335338 918.0597966323180
2734.014227134836 3005.1038397045181 2690.857772018300 2294.9435634639703 2913.177365032049
1279.3866819163495 1235.342370903543951 1561.799610238038 612.3470932208797 -732.93314387751661
1226.26463445816057 3156.803662128164 2900.65164049309 3288.0298719105658 678.39830362094358
1050.656765020355 1193.39922793793858 -232.0016342328647 -1566.6499037505303 2693.9184453603921
3274.3411310053671 979.71163151433871 1239.5116976019417 1912.8069325223762 2822.675147839239
2824.5578113520728 2097.208522368732 1111.46304743507062 701.57861220516349 33.59003810436468
383.069664759454611 1693.86022890594268 2155.516972681101 1666.29220773353 2473.505338163615
1495.815158383768 1192.005628039574 3655.4543505628772 680.07085793972556 111.55959775550014
-850 -966.07310029032840 -2303.5854618465100 -196.36078523786455 -1082.3938929551405
-1253.70456877707852 -1751.828064242178 -2077.807905065956 49238.031240085525 -223.9897208535187
-801.0483363990990 -521.509488063266 -871.74833276344111 -701.41405900777522 -1052.6698693453216
-1179.55246531684043 -533.28246651436621 222.1495241457454 -1721.6417842670041 -1626.142528928814
705.8544802308378 634.79182460621792 -601.149869261547 -1218.7681796283673 514.14891621865365
-1001.638869215294 208.99234013142654 1242.32796516247413 1519.20386476667204 -766.02434088115626
-797.79397367959541 -854.0323877883076875 -651.0657540064728 -557.60397602772855 -164.59786419157695
-795.2404602872040 -753.48203095860106 -1408.14173631874019 -1612.9426653321827 -2277.6778649799980
-1677.841775579502 -427.5237162040428 -485.0229131919973 -445.712479934359 -1311.8217442368712
-215.9942400991922 -845.772178846714 -908.9547103406132 -779.8256688726790 -1131.71761729430045
-950 -598.4695803689699 -229.2104596981144 -601.7514478560093 -242.8847668514813
-2414.12309323444151 -3028.807156727054 -2179.7716648688966 54483.0895944553 -1617.75206381312
-1476.0225338006721 -1649.61410027505622 -723.887478937245305 -869.00808629269341 45.19423987804043
150.84749531421710 -13.75565443527316 452.62008686338538 -370.18248772830418 47.40768900309939
-1737.154212898482 -555.268872333684 -1355.80530108449216 -1703.1800218698072 -4114.9876850856062
-933.9902314288582 -875.0711499829027 -206.14059887790097 -389.2233135095179 -2184.227332536108
-1720.36904799982403 -335.5946092498305 -1623.40837139138262 -1479.061335111159 -1577.7538467940578
-1369.15244915261815 -460.26118659543283 -1119.43799808934182 -1895.46024975816 -2951.3429974489027
-3691.042561909008 -33.480082595226 349.13640660878621702 -2073.274735232136 -1714.267047777375
-1431.9956416840087 -1021.4630314781064 -659.288931865409 -1104.88543080031491 -1078.1045173107916
-2400 -2799.7944640243995 -2773.1929415502718 -2374.246548420428 -2478.4654820760643
-1487.91413897952680 -2017.5283196376749 -2574.345476931261 55764.10890112172 -2648.233730829629
-2468.0115472985663 -3267.0943735258679 -3743.292571823904 -4257.1940768470968 -3845.077498167264
-2852.992116978194 -2261.9091398318205 -2549.3125873275199 -1210.7396619660792 -1844.466529363638
-3504.104013713431 -2920.328784609549 -3371.3797509344295 -2177.7793000339002 -2577.9281235182475
-1498.3313963797309 -4442.3061178556563 -3790.190618697695 -4891.5752176238093 -2496.8058479623251
-3308.1654307690578 -3291.1155322826380 -2078.295948151572 -1851.6761865765056 -1840.614958516886
-1856.1923418530155 -2169.7799009743803 -3487.452871593982 -3405.14799838161 -3903.5665950892098
-4589.3455951875103 -2128.8989060553727 -2206.972226974631 -2413.5315378583709 -2884.871478563563
-2636.259709073918 -2212.0082881743 -2937.2807874073692 -3024.398243609633 -2708.5603406180917
-10850 -10027.4309293959 -9228.36320621482 -11255.9695321934032 -10993.869978246674
-10747.31867194061 -11333.950575946223 -11449.815693176395 49548.664937494119 -11089.7949825543164
-10133.381360597539 -10729.732289794560 -10633.764438457236 -10389.490101154073 -9881.642371202872
-11259.31034204442 -11865.728983727082 -12955.598103151098 -11127.609688805616 -10953.165538488478
-10555.75559928909 -10128.872215090209 -10007.186332549065 -9465.135840418348 -10300.6897179854659
-10905.991156702130 -10970.4546645391219 -10864.2380383628224 -11062.017482388250 -11648.125140598757
-11599.4659796220058 -10632.42185542184598 -10496.643562705965 -11009.8095865130381 -9982.159326908013
-9063.076058500597 -10116.241394859349 -10188.9293294405452 -10425.248379618391 -10483.505773308256
-10046.200498506885197 -10968.9299939445191 -9616.642935712516 -11713.258092810713 -10952.0164040097025
-10971.982135656324 -9854.6924963535457 -10389.396872541667 -12045.0518472735603 -10410.259736872913
-27200 -27570.87002101919 -27135.061504648798 -27456.79208714288 -25747.363088716458
-27311.87148668635 -28004.049385852835 -28541.077551654904 36132.890129298808 -28046.85793044103
-28820.37513938002 -29138.422541866072 -29164.042207691553 -29540.881104054391 -29265.518174956745
-27052.80119863937 -27552.923965614522 -27537.3137180914164 -28497.16486074647 -29541.889756896366
-27412.23180548774 -26730.121719310155 -26653.16981498878 -27971.899663708449 -27229.415637826678
-26787.540534380987 -28326.35272610262 -28259.54652209168 -28023.9081982919 -27139.871455001663
-26658.81905578315 -27327.847854855558 -27317.72994283397 -26579.81401197338 -26925.44380694413
-27042.131953499313 -27607.02072837986 -26303.06829017142 -27086.6508543658 -26574.14615776279
-27001.742522377281 -27086.075890215263 -27077.1788668393 -27137.250001521479 -27560.043998465611
-26625.46831445019 -27502.656846063062 -27147.57056879318 -27112.22330314835 -27257.94168756804
-33350 -32259.999213558756 -32046.788310685431 -33601.689082655852 -32726.83793637457
-32763.571150495292 -32846.916923109740 -32697.24651057748 28899.439966532445 -33791.33947245304
-32513.280739953567 -31793.50624181296 -31948.8960713557 -33234.571114587416 -32286.185803517092
-33183.105480688311 -34590.95547311265 -34453.61767889454 -31895.29484074908 -31665.77731133409
-33827.638116887298 -33088.326550463898 -34147.586018850656 -33467.82601337181 -33031.212547831419
-33702.78862737665 -33787.76720995204 -33663.947139381526 -34365.428219518493 -30978.253237405461
-30686.070196902489 -32955.21987402553 -33937.7170486744217 -31969.59622185154 -31694.469994424075
-31615.11253140436 -33279.90300099969 -32027.638135611731 -31929.219828811507 -32030.60660938453
-32739.56313091885 -33594.001239389727 -33602.51465362918 -34673.81609846912 -34959.41037810957
-32557.8954117509 -33426.69388426976 -33919.074119259116 -34009.599723348816 -34044.870069239529
-24850.000000000000 -23709.15895047191 -23758.45740329733 -23878.85122958277 -25245.3187433474
-26602.06862151303 -27141.396383069055 -26389.652858987949 10329.893019598056 -26044.24350369316
-25607.869106149657 -24962.92253266807 -24272.3586329642 -23822.06642539303 -23978.42006084860
-22822.536050875922 -21848.031583645625 -22723.35827597233 -23889.38820035837 -23064.769769645034
-24884.901610605015 -24484.150085713456 -23340.932239670055 -25310.714317862428 -26023.009769954737
-24895.58687276108 -24289.85378156756 -24790.17554097 -24118.66141436102 -25168.100144333446
-25905.398691320246 -24537.46832206008 -24545.71603041062 -24421.846587703658 -24825.064096288737
-25496.13373879785 -25978.53541325278 -23393.48214480777 -23267.27925375713 -23672.404648802531
-24003.69711767252 -22523.72462025137 -23005.109551961057 -24604.680971203488 -24883.181285891551
-23908.889670579905 -23597.75632682948 -24728.70341441235 -24584.479967003954 -24164.72568538885
-13000 -11312.766491706008 -11032.137610725953 -13831.2906779194836 -13208.2677460995819
-14420.69933201084 -14261.08721426505 -14865.91686294107 8573.98296682824 -12515.21784173312335
-13005.91384461548 -13493.77605153669 -13150.52206405924 -14210.12153538763 -13925.657691711433
-13910.864684951877 -14510.717743108740 -14661.9399096009620 -13723.836226581951 -13907.365898212398
-13124.64536112359 -12556.856627912017 -13433.193823167190 -11975.15961802516 -13644.69290552617
-12632.6761015172633 -13032.0640900069975 -12246.12577173076 -12547.1999580903048 -14132.35665658432
-14327.652935253209 -12496.9404023100706 -13431.649203300596 -12433.6630946046662 -12576.405923655258
-11601.53167389544 -12654.83116852167 -13759.42808491 -14405.328225865693 -14543.4389093922655
-14407.61325363627 -11147.0460666233612 -11402.7352066888416 -12717.47456407704 -13833.994322733957
-12816.62097403535 -12113.354822282614 -12673.72821061057 -12575.818073616476 -12521.3152733889438
2300 1475.3681527625754 2262.851289821624 2064.6609490967803 1946.863122055281
1820.1744482861300 743.37382554703618 1088.657624413111 2226.509324957815 2251.1401072840908
2459.609338112033 2338.119144986893 2296.1053648366405 2473.5208232228483 1856.517751141761
3520.8852033865924 2885.9792420868739 2597.227899697726 450.27768106491817 299.277803410092133
2677.2639929220559 1430.5717220193458 2348.369878723303 2955.1718414256234 1576.2159748469226
2558.299667724367 4326.9216290852892 5011.83128833490446 5009.4371077679771 -457.4243027337546
222.51422348735821 1861.272689707338 3802.7247734248986 3156.037012767171 3275.252969678384
3907.424905587040 3073.6614494989944 1717.3290156402259 2111.234507101798 1191.0147874676850
1561.3946229625408 2743.06953382167 1939.63079164168 1765.390001848206 1666.01551996537
2383.146536105813 2669.766935441067 979.9265096361179 2016.0429511481616 1519.78715550087236
17800 17803.73315603394 18584.173092201261 16906.9690504555620 17913.888573395034
16517.85219609141 15732.771910355492 16177.280868402137 17636.05180137599 17109.5370340479
18436.526042881651 18844.456688687336 19480.59994997487 19263.61617169893 19299.027487985797
16983.5799465266427 16610.640682969635 17322.26492493091 17600.479382914556 17345.253453652647
15725.97526935624 16386.93808969424 16696.76565248491 18428.43353762028 16550.865759027452
18642.81835894364 17773.1659494466294 17599.7928724958037 17145.600292319887 18614.623627076777
18953.09541805986 18300.833515247454 17511.82295031532 16632.8880943789409 15561.2941163827654
14792.479597100917 18934.188427486846 18479.49401655225 18221.60984197439 17374.09798000680
17647.705926409577 17768.033700573873 17381.2320139743788 17545.496426677018 17703.93318793972
19223.740901973000 18398.98666444936 18729.110896655577 18449.492317668333 19655.527009074227
28350 27561.788946786568 27727.925848753119 27354.435376537702 27153.269473396060
27586.67337837537 27177.539806143141 26081.304912669406 27652.720037596358 28224.8501018776
28124.029189918885 26194.992324865263 26358.00380632712 26814.911168340299 26760.78197495605
28244.447000494456 28694.1187799879 29045.3868361537 29348.10944112378 29722.877580011715
28673.817427014270 27591.7116225062164 27638.97861338721850 29840.6330197026 29118.278346604275
26882.66149827481 27661.99793937834 27427.365390564475 26905.87265876033 26774.51735292357
26759.758232336848 28016.031088494761 26422.11663593072 28550.28543592539 27678.827598287458
27757.389246285915 25581.600119126997 28797.229104780068 29345.6717352685 30059.73909656498
30281.15517155613 28537.9036091296 30328.8520194787 28473.177711304583 28259.783437167418
29042.10356571864 27316.787456907943 29604.1457845892 28504.300357871060 28872.937267956422
29400 28598.01280464499 28523.63375302253 31092.403977192975 28778.56061847295
29740.13759164704 29557.162249326972 29695.411036976904 30200.132291310118 30217.49469932433
29331.99833530167 28498.965776065990 28661.387924563514 28024.588137854305 27743.97512035120599
28578.64164254145 28300.58997283293 28802.309775653277 29473.0304159080188 29903.0117906189
28963.70176744562 29133.804942036513 30760.515270516760 29616.7168761972098 28201.63270625846
28854.794289681693 29703.91101417125 29582.67857197004 29555.91119533057 28916.161962829763
29443.917268704288 28868.210430132072 30395.68985802368 29602.85941978365 29438.612832678577
29109.1856101861 30171.69811601568 28569.7314144498268 28413.07462925151 27945.170124280932
28591.829338301508 29388.54104353468 30291.93494806684 29956.189817828905 30281.886109775671
30092.44664961908 28345.14090695230 28607.727263341319 30658.65011632608 30639.99648771068
21800 22275.4541357816 22766.158633679210 21573.28138848063 22455.550563445180
23209.95623156557 22855.80301447022 22152.400861645459 21484.950241192706 21704.61106269966
21489.143149513093 20519.99113734132 20480.628007351315 20827.34565229283 21726.075247325552
21815.40271712402 21649.180858754062 22539.190256393958 21288.574736289283 21034.770036524485
22344.78556815317 23157.054519319245 21459.480513657280 23099.931359865710 22430.380713485014
21504.54522730997 21979.586961964451 22846.19049346393 22201.85301054364 21510.121331450773
22149.211314168253 20530.838515219781 21753.150198928724 21108.945606325382 21464.565237080245
21090.0943995410780 20746.823048185048 23387.691016583529 23169.766979802000 22991.689581201546
23372.038673638559 21288.984890571741 21071.281169197569 20974.157974864513 20200.925608791858
21361.298493708029 21063.497904714935 21590.611405379379 21166.92945295385 21765.65051746144
14550 15291.5859990527842 14974.4166746955034 15872.72403430692 16744.38457380111
13254.5653618931865 13238.4152267855898 14088.00034607415 14689.208010769771 15475.0014374907623
14811.04758258148 15965.01278367146551 16092.337524357179 16895.274289088255 17894.143318780840
13314.458886238934 13730.1021313055244 14348.469779444580 13829.218566562935 12504.15286039177
15194.3090033381432 15916.32265112009 15326.974098448241 14758.526350077593 15084.187034738696
15703.0452969837625 15803.62085897314 15596.5810288637640 15701.7323832923448 14429.063493481384
14292.9458268736616 15680.74836138570754 14945.648443591170 14243.28736042004 14482.4863858323224
15083.0720550061469 13839.540529015376 15220.524905985914 15462.4762138847200 15454.645251862677
15273.1447710418834 14625.84462189513 15328.912884164853 14959.86239575927 15012.918845293358
13292.99526190957 15890.9464705360806 14451.07675261652 14312.240917859530 13601.352883000574
10450 9733.24712596814 9482.367670674847 10340.918205640170 10633.3827630956
9721.742709684117 9882.001616115875 10980.378041152093 9789.181266934547 9534.635403455544
10940.084930145480 10060.031392694698 10322.177690324981 10615.08412345196 10041.923736376026
13180.7677743524691 12800.2889050090016 11573.4772096543456 9609.812599628938 10477.5549462754207
10349.615335294913 10015.337643351100 11821.3498253615890 10435.098433056774 7706.87378828231
9760.702463013236 9905.0078075767469 9829.681262570159 10207.10571333648113 10952.349353146235
11373.9453236943045 9258.1262170843656 10539.94393312092 11475.753316277382 11600.52874278559
11131.408704587595 11664.472695182292 10272.506563450130 11130.471344885102 11771.2681395555646
11863.93854947954 11350.30692316823 11109.780607633809 10295.688362582629 10006.342719526652
10861.36645664867 10494.578282952383 10315.366103287439 10572.5839720682 10802.979901947388
9300 9474.28209543289 10226.882561497989 9779.296573903475 10488.015348172026
9046.119202839196 9375.2526506943977 9556.693467356497 8332.1917605575472 8140.3614568983348
9925.75064837166 10257.186933756102 9804.0848156041266 9404.930990900975 9213.236102582019
8147.130782306745 8587.2240666349589 8811.544643172540 8981.805002204019 9641.26769279486
11154.57708911867 11576.2604873277851 8942.6774901700064 9465.554712283014 7342.884293555358
9950.559644460913 10968.973825457917 10447.357264919227 10360.8538305567654 10313.952838331379
11263.856909263415 8879.7879257007826 9775.564915306024 8028.7862426899765 8893.6372966195067
9639.27156489578 10372.1017287908180 9072.01002219194 9242.480816910531 8811.644062690515
7776.9547735710303 8441.98616298037450 8158.2584704175933 9716.652730424661 10303.008609496253
8873.625164813868 9138.071866517665 9418.612016566345 9605.137624193118 8658.45261771339
7250 6828.087578314268 6879.739817352615 6459.0225496065632 6370.12346664940287
7159.3531718367931 6824.8817968223811 6250.03143418187 7286.78968490294 7703.6558646217227
7807.3363165269730 7837.33595057241 8055.5021166905235 7991.012887999909 8613.61150040043
5567.53160204689 5393.5568234842085 4957.548852129175 6897.201130118488 6988.757924894097
6846.762546776125 6895.516879837985 6485.614212520837 9210.6533497463824 5233.8572201491252
7474.437158130198 6578.9670826017864 6336.26227621889 7389.133696048357 7414.3544359161533
7454.46317356664 6488.2514748575422 5921.169081096290 7322.4653027204813 8249.4712103324855
6783.355627791665 6079.3563105419498 6894.83687447339 7666.089584040764 7466.8370824601107
7727.53635215494 7916.433074105443 8138.0886671489761 7827.9064996060561 8674.45963124181
7868.731068701095 5749.88509541222 7863.3168944817935 6021.919349840059 6294.376048108217
4300 4026.4856683681028 4390.4716697095419 5142.989303567842398 4481.250307504286
2621.744108023115 2830.09491231808 3222.287460748785 4817.290345016996 4719.024551133185923
3297.538983052027 3133.3962748904173 2751.796861204212 3186.9162715526991 3108.1345987871468
3559.0118729609990 4066.3099652114875 4268.115227618983 4299.7701123673942 3951.74206391644
5180.223793335157 5298.41626491541 5729.5233427591511 4114.1361670292945 4254.037692367335
3562.423766272554 3399.4888758073585 4090.3802581187401 4328.5638229541682 5189.14924433875
5785.094632176417 3723.11798345182660 4658.0331541792 3303.288044344128 3322.1386340885506
4140.8332980760360 3192.548092885105 4328.1107845641654 4881.539199457173 4867.520896237281704
4868.1711810258093 5626.848882923365 6700.00155122815 4529.355072040478 4175.026155364014
4830.046133165079 4757.23188959837807 2867.222406318699 5366.203771492705528 4772.136504288464
500 1285.0115600740251 965.7494994022328 -452.22371832740635 1167.790650556077
92.621796767824037 -54.17704180247503 -569.9040531221508 2154.6669351102564 -505.43841598483755
-61.07990365863645 -999.68055659115 -698.212540550304311 699.65948700227386 576.66384059378015
1360.4228861529198 662.840647180736 1792.132678247163 194.99135123511704 -1252.6417093375856
-2.6004020352303314 96.05617941139735 460.93781139194442 1307.8011410839813 824.40708161984844
151.989048253002409 510.665678539822 299.705323332969 -622.1157762545315 1829.6518664458465
1613.5023266451053 421.87693858508612 2014.8318656545457 561.08447293375025 185.77453560790673
518.4366183639748 446.3220847146636 335.47060976415298 1002.6010274648552 1412.15615797153396
2165.7957372183264 1116.9793465702733 1479.05021054306053 1661.2152257124653 1629.7157214345557
439.9284466766824 864.53482305738169 78.69649168929874 1577.700989637135 2094.19152979568
-650 -907.1748091964248 -432.39447976837596 -30.103037061393564 -664.173124529419
-825.6021667283455 -131.0153997102709 -760.3203253736471 271.04396464363867 -827.137326441599
-1437.98904415360448 -1821.44313466086328 -1370.640498339567 -1193.64882550718676 -807.599667230442
74.73102969166894 -375.73103926481167 -712.714929719072188 -796.8706265677697 -1638.6192567698417
-1602.6348088857396 -1730.20848593623668 -624.51577467339769 -1603.0749594266676 75.4188934046545
-726.34610329523252 -614.7191144860193 -567.66407452485169 -1033.6400779970136 -1762.4339484488637
-2053.7197923086096 -870.4126426257450 -1135.47226243439036 -2520.265240250394 -3187.561037182388
-1812.034387291291 -896.88772975917 -925.6703505395291 -2033.4209070170468 -1230.93415614649666
-1820.8231834601445 -461.5536158681518 -1439.4247847011002 -3253.4587890711455 -3385.680951608372
194.70517260634148 -1437.139000972508 -2132.5285679491540 -94.42773866480172 566.25883653598544
-1300 -827.5919310606018 -332.754340368964 -1623.5416148859583 -325.29497702870094
-1848.7831502923336 -1722.4850355407930 -1622.85404314707625 -964.3750240024098 -1068.637776012104496
-468.1233447424961582 -723.14654879882119 -1213.2898498128575 -1031.216962206605 -364.7115236567877
-614.86832064730447 61.244823873086261 181.84578659217664 -1907.5836476517270 -1317.08927552355863
-1700.956509406418 -912.3761107235044 -1005.698839857231 756.27257378987315 -778.26149565937840
88.638136388329031 -1008.758860953546 -383.747713175995 -1737.873207955898579 -1489.494477975668
-2359.0291493103960 -1061.491829526825 -2075.4292146890516 371.9782162286682 2064.7702830513203
924.1584848333773 -1303.8794194172228 494.23794493765513 509.52979725209997 643.83664897934159
1100.7556212906520 -315.48943365939317 -927.920954784607 -2060.3248413510687 -1942.3198835120027
-1424.0759208207387 -968.140295437641 -505.01203746200713 -585.08609505110826 375.7999420577825731
-5050 -4618.6779533885356 -5048.6600053693955 -6659.1311432225357 -5900.696626720949
-4122.8241137102832 -4132.61613182211 -3743.687537563379 -6128.427804716670 -5148.382957135919
-3658.3701315036965 -3699.716951054364 -4050.4576072146638 -3179.54476632732 -3464.8712679582318
-3253.9932928116364 -2089.4726989530045 -1642.1132595992954 -3757.2294188713586 -4847.97396969417
-3818.7845460051767 -3684.756441135525 -5864.4927236933718 -5545.7616393770531 -4116.6415516074512
-5608.116834925199 -4839.5316339937326 -5582.918308596298 -5070.174102567918 -6020.213660051518
-5779.869798963190 -4240.92126331281 -4716.618324709232 -4872.947483668468 -4499.71816269229
-4575.990086917372 -4990.0562782380084 -7028.0943136637416 -5859.660528595548 -6330.09418332298
-5873.330856371174 -5483.362210478934 -5766.11105396283 -6575.4890934658051 -6972.3474119386628
-5273.854475298076 -5205.6564521380042 -3851.679005451272 -4586.989138486511 -5275.3025704939955
-6100 -5423.6497640885273 -4696.8816591198920 -5530.005814162230 -5280.5768742373921
-4647.199217158559 -4532.928119514839 -4551.1304834044704 -6384.95143270362678 -5523.0756358028239
-5722.389774250665 -5838.2654632034419 -5357.84882117378493 -6011.9702093430597 -4988.848552366545
-6342.2584473468542 -6881.6521204929822 -6739.12579376299 -5765.6452167197594 -5627.2332371432922
-7558.689709014223 -7026.8662246534032 -6709.9504035040954 -4896.3043891410052 -4279.472189330131
-7241.6538466237607 -6889.694837592955 -7403.590905688890 -7461.0304802905066 -5973.60867493785
-6509.4689885084463 -5884.353095433514 -4941.285473779693 -6255.692336713038 -5117.1522840351053674
-5712.120919615687 -5807.22717379923 -5586.03519325841 -5670.5308235256680 -5462.7983769708253
-4227.3208037701288 -6758.42240512536409 -7235.5730136047250 -6366.4290271527307 -6221.16861860774
-6114.85963750287 -5810.665510036347 -6839.358560494547 -7851.3996946782872 -7759.3106636326147
-7250 -8038.8302875960853 -7677.34750186017 -6994.00470912981 -6420.1972195890912
-6888.714925399743 -6821.93330665732 -6814.337891445994 -5398.7804075279928 -8093.495208969047
-7935.319701974167 -8047.85431075233 -8144.633151320347 -9186.363538746533 -8754.2503162344037
-6949.058306352727 -6049.2112841160751 -6284.63280107354 -7058.98514507265 -6577.2274592299427
-7282.5970480106671 -7219.80356094845 -7548.1093052135502 -7753.087655560838 -8502.4602070598830
-8392.8078999581394 -7214.7656557724140 -6455.205954728617 -6606.243375087629 -7115.7332588208328
-7635.740380578800 -6578.9856530014204 -7196.857602657227 -6981.798258301239 -7413.081108298610
-8836.2249765607139 -6391.0877968741524 -6802.2482523413964 -7733.411211004916 -7188.4800359029332
-7638.2827215177031 -7469.2711146864258 -7002.1231013522784 -9068.811874480405 -8529.399006339361
-7005.119416643469 -7418.0788197996035 -7105.3911351877932 -7018.7932465491813 -7082.736827749567
-4150 -5900.85380838150559 -6188.940294129627 -5555.641826730550 -6007.7919280203714
-4927.1783872971137 -4511.306183485714 -4691.195733837323 571.90443162940460 -3306.4398496813569
-4798.1326791958545 -4972.67984339973736 -6089.86530324871 -6255.410732616843 -6543.782816077776
-3776.951551887468 -2382.656491217803 -2229.4711806507262 -4518.780046503011 -4138.0601684058420
-4405.42707003125 -4884.795870546589 -3908.494769554208 -3914.599306374086 -4404.5982178542708
-4597.8261500201670 -2832.999580556717 -2481.5555041658013 -3504.6634654045151 -3213.7511220295655
-3404.304360409148 -3459.8378115960318 -4951.922843143393948 -4057.167354913212 -4561.823801948780
-4968.1706783049358 -4974.5329227110105 -2597.7534631935996 -3051.899514997128 -3589.9278309639358
-3432.9864036205522 -4044.8784931851910 -3192.925970612523 -3995.8492533437648 -3805.5410753541614
-4017.46315539068 -4170.6833229347767 -4588.650510784589 -4293.509356306039 -4313.651225587007
-450 -611.3646902666558 -373.4081596777172 -407.75252209085471122 -108.3468152671525
957.53165611127042 370.1415215498629 1422.517444866366 5741.19145300898617 -1821.4021986124801
266.61039415382965 116.853030675478 -1057.2365802120696 -1418.9293404752630 -1533.64308521436283
-678.8667028525923 -1601.50484081808645 -2024.2967231014557 -483.4590296377456 657.13492702582732
1317.57955871707031 1847.7627438492555 1117.4754007126430 -807.91340377880749 -1860.7465746446685
-1360.468028951875 -7.2530367740706652 540.672336160836 104.11459295107016 -1541.50101629729465
-2194.295970081616 14.2308223146031878 -326.4779803234499 -327.8664904675673 723.8346974689732178
1138.33923608393843 -1771.5047794002933 919.6561142397752 1701.552249661428 1913.0298081815938
2598.69144496610079 -431.91694847181043 -686.53963139210498 -634.638910495421 740.36300019904354
-93.16129924490343 -1631.1334461163751 -672.75015855073707 535.04525466471955 1376.601507375701
550 3081.1958361377756 2751.329351249639 1205.1300101960039 112.280421324444660
-180.25194827623255 -487.823805919835 -1393.731454934531 744.37202225327326 702.39609699664857
962.507084097616371 162.2539211124501 1604.249212239931012 1403.4365435287987 1968.6182063038514
-691.5952395276879 -1223.481816449381 -1887.276899632614 -715.959451212379 -1076.2731383828275
-181.20867224750390 -1367.188463316119 -299.8557324198109 182.40966775392678 -906.5629954532116
1425.32478725045303 1706.4893878157047 3245.178147025929 3917.6881275408587 2423.449751080869
2532.6723736760168 549.89695523931823 2790.6304781928648 1038.01223571940682 2006.8302404335295
2297.548448389185 1605.260366766541 1028.46211435412215 1191.529009749005 1909.3703991418627
2380.8516476074515 1239.831514995122 1616.35822907099805 94.713096700729238 0.01108870499507475
1607.46735854987264 865.10770954734551 -212.9334995812835 -21.11997416593633 -554.27632106973613
2450 1952.1270193964465 2604.120753238296 2190.034652417006 2483.685679541358
1910.0683557175855 1506.829159044704 1651.74061872664470 3390.836138869887 3196.164813874143
1929.676039346811 2240.9295798887947 1955.9263576410422 506.7860153904116 1135.178526424961
3406.1286136384215 3255.648894518945 2431.263763990638 1544.7176079279059 1444.5571869369799
1606.294711245068 1802.798086484885 2636.281891411259 2555.992887579539 3720.094669623587
2393.181143034413 2200.9372116578866 2639.963058824429 2784.6912219358969 2404.112155486518
2527.8130097399353 4438.6258088796912 1088.3010293250545 3886.5651156191557 3772.7549158330962
4120.460101035925 2790.145615098288 3511.675193952825 3323.529247586238 2659.7065890525446
2959.6628949485939 3521.2240760105169 2018.7641933594 1481.391539985388 911.64324757955467
2360.551338078722 2180.532562734185 2760.018579776175 3361.62777244635 2546.4959371647928
3150 3287.160956826797 3159.9956888808151 2788.5411813026767 2043.6198450773406
2991.0101464498521 2913.215852123928 2599.1017918239577 3865.6836357139446 4163.870564862913
2584.1869259593004 2850.2481881757312 3187.893934524034 2434.2164977236948 1319.6534734750967
2442.899842222321240 3334.488893639532 3902.2711036738060 2304.2623171852056 2626.8309620621026
1539.0364714293132 1836.601795593616 2926.097502731909 4142.6473655157497 986.0988643748356
3129.8243203675993 3756.61151031842 3639.898233181894 3037.2299568242238 2391.5633134335449
2436.6085237491684 2448.2162344310809 5511.0713286189766 2661.217053439179 2388.9111787045349
2863.2985097655774 3570.2263575178572 4615.2117653774121 4780.2296627594778 4632.547356073470
4508.868671940518 3199.0788868903765 2862.638470911520471 2536.4452946307197 1227.838960445634
3113.9851321019737 3784.933909548605 3037.465939314204 4036.393826306798 4363.6444388619102
1350 1272.3064077542351 1646.84980645357246 867.25865177415608 885.39851101937541
2254.643231466562 1861.0619183471110 555.2858634170225 977.2401613466054 1293.28976376065066
332.05474161683674 -568.64292937032815 -306.6612133690874 995.5724391350129 298.88682762634971
2358.181252130755 2363.2080733729795 2431.48447950202080 1917.0899139338583 2640.9552799873563
1872.6611886169051 2989.8601879831772 208.29452053205830 959.4489071461252 1310.805215754345
848.82292293712351 442.61922460466627 79.965286797981264 -675.574903432771 2996.836417760923
1952.8581410643392 2403.207597333666 586.26846740352721 2487.6381840189529 1740.3165628282968
2582.5473016477258 1936.5579534919641 584.81911888143804 -301.2284009352737 -120.03545019833103
-701.42214106689039 1010.2879864886598 1404.46373525651234 1022.623626603553 816.48110153411176
390.90613098656343 2114.312764793253 844.20264649068793 847.34159217003332 1065.6279399220393
3500 2889.6323700185048 2551.46175716054177 1859.75504309969 1936.322772567964
3944.097521283303 4152.385976198325 4500.35030317882502 3485.7897894319754 2900.766847719414
3655.26021108497 3841.2935261893126 3089.301634353174 2894.347533200456 1869.3929099427028
1404.2435196836736 1112.3017418306817 697.278189779580316 2836.089128035843 2519.5979723550308
2354.8252393221055 2851.65651793486040 5376.232588137489 3538.5596398569774 2614.1409135293134
3874.3114143920784 2196.5481611540913 2141.271085980078 2478.4679016821715 3121.0592387999759
3696.6568788025620 3490.859610807274 4859.628847928089 3179.572661079028 3791.319770983228
4031.9052613788413 3779.887774121275 4487.749096846786 3719.7879048407772 3966.727276336940
4771.1638226225641 2820.001006290688 2684.353875322835 3941.018491949443 3544.800758834461
4978.1428647666844 3407.640760902584 3451.9081929658955 4475.4277334134022 4666.665670938172
4000 3333.25588928448087 2037.5122065632563 3563.186936333047 3689.733979589574
4863.7563697179548 4845.6595352057939 5949.543095817504 2656.8861571299194 3131.9566487336242
3410.3674706894390 3599.461489397158 3321.296181332234 3286.4231874850916 3172.7133166676463
4334.62706068754596 5001.5961871534455 5136.4884902946369 4006.62459437192 4006.5397090480410
3281.441779566190 3264.8408721381184 6017.52137210641 3288.186574710856 4083.9473234877742
6000.085091045300 3949.1118289492601 4514.1630329379504 3974.884375731253 4853.0028845666775
4772.504629907488 3435.19675358772 4577.584682869683 4196.88861935954628 4096.45381948836
4464.857889267108 4188.56709281070562 3980.3909303050568 3480.1081721824 3475.280032562229
2547.7388779847670 3835.6759597291716 3828.6173789264162 3081.7317698307793 4258.6343446948758
4185.6286658286836 5668.56530644954546 3986.4385426797426 3936.33868719979 3664.663729723570
