-40 -42.83400814458514 -37.84198544159386 -50.37361543518512 -28.888818766774172
-37.59635016459301 -29.55888105573362 -22.302801163847946 -27.05545687890802 -36.21344786408855
-40.849694061762435 -46.274308979862 -46.60205320329873 -59.152911573105143 -61.623053578154845
-49.95639880091907 -55.80929174890506 -48.443655332662 -29.76043612319694 -25.64849654088508
-34.29070099281608 -27.53392434051407 -26.776679114401876 -38.393794524303530 -58.89777629802548
-47.647178737843866 -39.77218194814303 -39.16643015392573 -52.3894913000275 -50.09050527788259
-55.635351710168187 -33.762848491751441 -47.957641584621619 -38.3428897662406 -29.32428435178272
-45 -44.703555629445567 -45.86782471331916 -39.345636438625583 -62.524626120471936
-48.173056730677651 -48.17165133259344 -50.70476146598512 -41.9268208049261 -38.98011072485886
-38.04452839654904 -40.7270423724226 -42.341712709557584 -37.587648466929053 -35.325448435858313
-33.513380512255125 -36.91079542541554 -33.23119645624956 -43.89512857095502 -46.695583729894970
-38.28439540562869 -42.125624187663746 -49.335210726477520 -25.469145298272014 -44.54218451997261
-48.751413485921205 -44.5082620141515 -38.1163218856666 -32.70951345858557 -43.99878489631207
-49.36163339288411 -38.62394546622313 -43.709851374768760 -39.650392328066623 -41.46243714270214
-96 -104.91636889489813 -104.3554835823642 -99.93509120690189 -112.68349963526879
-104.03301753524370 -107.9535007721466 -97.86076697895365 -100.32074096073931 -97.09535658618294
-112.58452192023105 -103.94066162455763 -97.20811307963335 -107.19288967948827 -115.00028729821534
-106.12515264092261 -100.60416495363603 -95.12447177297604 -100.34501419786380 -114.18321315328630
-96.19379084521776 -93.25025209228207 -105.07717356591958 -97.96872305276777 -90.53836253186128
-97.38143149722427 -92.77950275993065 -99.88385534262325 -99.70298301359971 -95.42219392401782
-97.69625991948465 -92.60953148088409 -73.5330513539231 -80.60908196015626 -84.701586235161614
-139 -147.96859720201493 -148.543539102696 -144.95761601455598 -147.19714028835955
-143.0653484572487 -147.75461606752657 -151.1011837318495 -142.6314392105374 -151.78931750532246
-131.20943850816903 -123.07141674872763 -119.8359738121979 -117.33287826789210 -118.78278346166381
-142.69301407970892 -144.08171680358495 -134.52209143937185 -145.0989340149273 -137.317168639595
-119.40309227793421 -120.48820448835463 -126.59280188707942 -131.09027251446201 -128.66760048828672
-125.95968082255852 -136.4557777307234 -141.11969419634156 -141.56184045110226 -130.64584523380964
-137.67188090371076 -140.76644138423976 -152.41950916025675 -142.22073321272291 -152.10568134950586
-129 -118.1250230272374 -120.52127720418801 -131.84677436145492 -131.44390911252682
-143.6500844513986 -147.4841453515294 -146.4325403267516 -125.8786106123871 -125.7143934754918
-137.07075508837593 -140.16616583839527 -140.8036122035409 -142.1099254587371 -144.83458253133762
-139.66908477554350 -139.97073778770712 -133.14227239811603 -136.38619768884118 -130.6308626932375
-131.99557837237467 -132.55322867779995 -131.2045860742808 -138.65937109195482 -120.650575707918
-135.3974043568556 -136.4532730929834 -128.4037163832879 -137.64816547372601 -140.99624277092437
-140.45503095919833 -110.56501813526083 -105.3039809803492 -116.11773103440603 -111.9895686239539
-117 -135.40210511166592 -127.5749905395361 -109.68819355139878 -110.04286168987184
-107.92148525468286 -112.68624790627631 -116.3603457533579 -119.45276908644145 -126.81622011884926
-117.51715476087183 -117.2081381317036 -111.03953053223435 -105.79986433644409 -110.22751762577434
-118.9734403163078 -113.66726818230553 -125.38315084760180 -119.34632998388113 -119.1571588416393
-107.20545344390194 -107.63179665447531 -118.31193992688100 -96.59649651823496 -105.047890219803
-129.13326848925399 -116.27934356105186 -112.3731628969285 -115.88287920015594 -99.20749144430280
-98.35896192516650 -125.47367638160745 -124.4904085980138 -118.74917316677271 -121.7758950644578
-97 -98.49953777609626 -113.04429567259277 -92.91665032692234 -97.87726681448039
-95.99628982001093 -101.93541346347703 -98.91486703705600 -99.64784674174552 -97.5081579705529
-95.77092004262353 -90.45808202249167 -88.97135677071871 -94.78543849202534 -87.269889855303120
-111.2238390975095 -113.94105106860825 -111.1683463245356 -99.78140820544313 -103.86197754606933
-101.21820016401803 -103.82428427967477 -95.46133349713104 -102.0720124681583 -76.77395841350673
-109.08743918609733 -83.58155159572202 -77.825602761993636 -70.523898418609747 -98.29294974563980
-98.2261125878253 -87.65677070879374 -83.31621336005227 -93.91433802803512 -98.56719605187868
-63 -63.8306985393575 -60.91652212914821 -62.31323114148661 -64.5033104552795
-64.13263683320112 -64.315881809884743 -55.8478608694838 -58.782521480912848 -55.373193265426423
-56.89318258311758 -75.41482916995062 -73.91059035146270 -69.997756163634435 -61.1014783481503
-36.78058373849581 -32.029366406879987 -36.23234182568806 -62.51062667133618 -77.342673489995207
-71.95144848577263 -65.02588040566775 -72.144976670375328 -51.04828312413783 -73.82127211577851
-67.863326570968979 -58.37791322826418 -42.81689852138636 -41.0486612840061 -71.081940454210951
-81.78132263103079 -63.84739059284375 -57.168480291935154 -65.49598387186278 -65.1468596859415
-62 -58.154961282543340 -58.593017645727016 -65.595873172815502 -47.546317977500543
-56.159886368193995 -60.976065387564319 -66.1013330079421 -64.87115202315270 -69.44363774172119
-64.4970886796673 -71.9783567904474 -72.4832863389247 -64.024528481993968 -70.730717595927317
-74.715237509189137 -75.72575026283445 -73.356662704592509 -64.569350416535059 -73.365084645958248
-65.502030765275 -65.02625109169658 -68.93090263284768 -67.096609548938 -62.9193821221983
-71.548897274833109 -50.25504053710311 -45.70022721793934 -51.371810070333801 -45.95335962095461
-40.385906416663374 -68.4824741703579 -61.93069840776419 -51.75485441318616 -46.07041927519094
-69 -72.57027956943705 -65.47087291673907 -71.06654617752370 -62.84044383089648
-86.510295917412989 -84.04158700433861 -79.33607551692567 -70.140559720262019 -63.68922362162505
-69.95692355730073 -78.72642571007125 -77.5777307083474 -74.17972163464889 -77.23365665785117
-87.28048185288482 -81.367386141041777 -69.712379749144347 -69.96856955323715 -64.49837125965576
-56.215993416920725 -51.64660009897918 -73.07753745616108 -66.73337547676226 -81.23556995749820
-60.642812139720384 -71.271797578989563 -72.19332210342026 -79.19101962276122 -73.30702482538894
-74.396219692886788 -59.4022793303421 -61.5110628020417 -62.17201965252453 -58.721352344849002
-39 -30.61110234841441 -26.6306012383386 -41.25237987086669 -42.977523817548750
-53.195993198904617 -63.407991412301811 -58.020825540520946 -45.63297522809271 -44.978521971568775
-42.275364564828486 -30.20732309947752 -27.63718089371573 -31.453323821468825 -25.72108637589494
-47.280050604852967 -53.78468755646927 -56.89725235440736 -44.72529055289146 -55.886334905638492
-53.246357109735207 -53.32040827518962 -37.09905888395118 -42.614723349306 -52.461484244534354
-39.771955570040120 -32.83079685423011 -36.33908650472525 -32.698268220635498 -30.811386669976336
-32.274027452544573 -33.102089219843151 -47.440137513010406 -47.17301070462977 -46.722644845959039
-139 -141.90108506920203 -141.4894012132164 -128.4212367892192 -141.20793775297028
-143.82628123616061 -150.20899257849740 -158.90405977804696 -130.04956437486993 -126.48545603543865
-136.93596484192273 -143.94854365403896 -148.69595262899242 -148.4316431173262 -151.49958317890562
-132.78194867362620 -135.98825391483916 -134.1478541247211 -125.07093763294097 -124.4487600252147
-138.20415354279106 -144.80925786135185 -125.1688628185155 -142.83865219074085 -123.2958530353384
-140.03165319477449 -147.5764673607174 -147.62376275579902 -151.89277753564758 -149.08959866142609
-162.91725299389640 -136.14430238526623 -132.38377015528764 -138.8699151601179 -143.26593931476106
-487 -473.5780987361055 -479.8002064594476 -492.04417225087769 -490.98952272510712
-499.92288833577021 -498.9497058795746 -490.098534201568 -486.8195698022786 -473.84201576074099
-484.01841349712419 -474.44124744391490 -473.0011066696415 -465.76834246166362 -474.1552257708117
-488.9299913554706 -477.42684134239317 -470.72642977322050 -480.0002636054177 -478.10606857496606
-485.6504463338287 -486.7505987316464 -502.287434669067 -486.5010584742695 -496.8650394473152
-495.1044774214365 -498.43322075900534 -491.08792884188603 -487.55921441725104 -496.29526315888461
-508.08582752557015 -476.24875112909291 -491.1936373531287 -486.0114995008919 -488.534813758897
-786.00000000000000 -770.4785180020065 -776.99908470052821 -783.15805464944856 -785.6022210059241
-793.8174814543265 -787.6131121495237 -782.8422487053426 -779.229464447176 -773.55515624977659
-782.81618540709064 -772.3788115000746 -777.38978993451326 -758.6864327330754 -766.4935086295014
-793.8952335632035 -774.5513256255127 -769.5037425283717 -778.16564682824935 -779.0911440476868
-762.084569706104 -783.9569887995513 -795.13040037147152 -776.9939893855159 -767.9675501025215
-787.2543550237743 -783.9771816131347 -777.87673824698527 -775.43000886680613 -792.9244030187482
-792.6275051710546 -807.49306280038877 -778.37839962191674 -781.934510863707 -795.2435024162994
-716 -695.3841160860726 -695.93594293639683 -720.1804403503627 -728.6281550129238
-712.7815675747514 -709.10598871813954 -690.0064731068401 -717.6643670372154 -712.01303290637850
-713.22462935576834 -705.62671238289283 -703.71450023663510 -697.6496996920896 -701.7187063067331
-711.3187399189512 -709.7885546513835 -708.81726612214754 -714.29207990715349 -707.2434593981998
-717.4690921424113 -724.9522319624738 -728.227644503185 -720.73296197576883 -707.7123248382057
-700.4716359275606 -711.9037731883062 -712.62285184247582 -705.18903252859855 -725.58975566089248
-722.20620930084749 -729.3797245133896 -713.8558554100514 -695.9702787420346 -714.1288256522246
-386 -392.160520900627 -389.1138855682310 -393.33679396918916 -392.5721949519396
-372.01734357537691 -368.4148580270117 -351.9328503350341 -393.0063153446759 -384.7010176840725
-397.54895844721335 -401.7709665266854 -397.8952853483274 -393.64749404618846 -402.54648590605132
-395.7336890826252 -382.9029253713012 -379.5817313395114 -383.4523359277000 -389.3785087828102
-391.2927916970041 -393.473127850655 -402.89106703673440 -386.06020303086734 -376.14470174020425
-396.5736313129973 -375.6679121345971 -371.9742654671887 -376.2806899965087 -387.82210710063748
-385.7855972514141 -390.23685928998242 -391.96223721801078 -373.2725574280937 -377.5522897225576
-33 -32.75675659355512 -31.49446931116067 -15.949594575634141 -26.483231275242520
-45.94211858845526 -43.87738293999720 -41.40898419783407 -32.448525920843807 -26.86134111759123
-38.72556367846546 -42.052242281741989 -47.01096821149737 -38.02914233277829 -28.399374964586201
-30.58966023120604 -16.372403388705621 -20.516706754545972 -45.340085085467464 -46.61541662664782
-48.70692742110192 -38.1946160360485 -14.641557216405877 -40.14915041865907 -35.90250463917629
-54.84033825593364 -19.784345125934927 -29.474791585954261 -24.07398960156065 -48.57650890555165
-41.466013317046482 -34.038697829366988 -30.973262764929707 -37.57752119133875 -38.37353228615318
226.00000000000000 216.9361443484802 218.81834913698674 222.2689468510361 248.1256244601403
218.7856558036486 219.85807672847017 210.82706480653971 223.3593101750632 222.68014906844826
219.00505364267306 213.62281368792384 210.4534647950252 202.6377690774817 210.06633707328973
234.0855039235463 222.59869403531650 214.93003092630477 215.23769326361079 219.7653442312886
229.36089156668027 237.3403390670189 249.49372405451726 218.58308759782341 210.8385239981215
221.60257119376649 235.1054931123272 232.80766145370350 237.9122694343498 223.09592008224394
217.43806615522072 232.5799108376717 226.3654351602432 228.4823763669049 241.55239636394541
380 370.0121839830080 379.387977059606 390.6094907443145 382.1866418760895
377.55977373552815 370.40080287738948 368.77007935952906 365.7266987016979 362.12701784245587
389.834203825758 384.37286556940211 389.7669056093058 376.98640947165876 379.9018257540129
384.6843328444074 375.6345017879546 365.6464321939913 368.6902771868753 378.1562887056062
365.56311023629104 370.20972933621 364.7638508896242 373.86172952093773 378.5489356316345
378.16831982450765 373.6941915028722 371.5925751853698 372.3904379597579 386.74104567200698
383.2013054769321 382.9508656162857 383.980866464673 388.9329462820832 394.39721549024409
420 422.4984632471342 424.44393311272836 416.1078508401870 432.2603486843947
419.20143765520697 417.040413803386 405.64716754866021 415.10104689115934 409.68366119511256
435.5659118832554 428.7682691528605 428.4689563376821 424.1994427440987 429.574243097303
415.41866648742871 409.87780307926721 413.628117381517 422.4888801046975 421.8953045721661
409.4791302384328 408.2297895250621 431.37194396126023 418.1834262783860 422.19427365797162
412.5174609429060 421.5018645076798 425.9982586853393 434.253719805655 422.2040208652105
423.27022365552273 426.35670412239114 413.7275606435563 418.67630485535540 426.604750205448
371 376.4019581453317 378.45149652110615 373.32921113193640 362.560689130667
354.3364654368011 349.28606539204480 337.7734324640584 371.7782030441571 377.6427082361163
376.249364489207 370.25325720143672 359.675756287584 353.86815808453991 364.9496527032104
387.7176423037525 392.8495199325202 391.69273061344 361.6136438279124 363.80915255158908
381.8127415445189 384.4903793547372 372.2514140985553 376.9875413354611 355.57708198377344
375.0696215211574 364.6320161076334 350.0609537306182 349.0568358111689 381.4734998206678
372.1015757194618 379.6851114799526 370.482002159328 377.878068195293 377.61927122722875
312 303.18900885149606 314.37091697746786 302.04586167968654 314.09994325324743
308.00880398331799 311.82703435079810 308.15258549457428 299.1653734211934 304.6157137321545
306.36901395300185 300.658794076654 289.40495144002307 285.63265818782742 296.2964204100642
310.7876011625575 307.8164165446288 302.23255695965838 309.7131306340877 307.6571890296691
307.5687374836373 306.77438476247852 323.6444820791642 312.384343071882 297.3133904581907
308.0852342634059 302.85028120521292 304.579019780441 287.0775853231386 303.54591467896057
307.3025542948148 325.29463864458950 314.44710609951528 294.11450157727597 308.86018354489096
244 244.42256247719524 247.89555933168987 250.793829504329 250.90686852491476
242.3059766253281 241.1154448257708 241.38797673052790 239.47578369613950 230.5084191554711
238.4979169780613 233.91415060618496 248.67405065805775 232.6878975912264 225.1371780489783
258.7973543480795 253.3668298393132 253.52783607898209 257.0791644571318 259.7401569653101
244.5542238960347 262.00097717197497 251.8595072337441 240.72584195471057 233.67429909164181
227.7880870780089 262.3558426252129 259.63105701073181 259.5083189721586 234.5730609049602
222.81612961250491 248.1669813157386 259.57759998727005 238.9498316962065 249.33390074738006
168 162.90688588364424 168.51177274700299 157.4302591139042 168.01454644433070
162.56416069549635 160.82173215691876 158.2319621877141 164.90258911001416 163.88366617126752
175.81586430395495 165.5496707439079 162.96183887541247 154.4422771322891 149.8607632672066
150.094051711944 155.29354201043114 155.33998375984174 163.70838006370440 167.76708151806164
174.1494295928248 161.16566634825486 177.0320806986072 165.00967919165626 161.82937562981269
171.42157453091323 174.89661396542539 163.30302866032122 165.85511980130076 175.7981238056641
175.7926219792011 177.4802439826542 167.9213933470093 179.35490197889141 174.73651936419157
138 134.54089999769417 132.9814070239322 143.2471772613356 147.86217678908764
147.29130243441460 146.94196811763896 144.81757619309957 144.7510799484768 143.87561647406395
142.6850372201317 143.944576361424 147.53932627442086 159.63903997104865 151.86014430190875
144.0168414979501 134.36522346515423 143.7758391143944 121.94664229608938 121.6808067009369
135.1914272761783 139.04810231932498 127.50274833183043 134.42247443540879 133.11311812764981
148.97019687854939 136.41208432040506 133.97117342648261 131.90872333471674 160.46975126096095
158.5998211347839 140.31509280926338 140.71470215584523 115.65947755779354 118.41516721310710
105 112.29156654275107 118.39015569229527 101.07811947863232 96.59939061140695
119.53048191144049 118.98789649082401 115.41032522712230 89.982087830772869 88.61432622348403
100.21069292160887 101.56912192538935 104.34257619896243 101.75900770758003 102.18784937776212
114.74057391274245 113.3088369978777 116.44919812337072 104.78334684546510 107.97493680230293
112.08829207815474 126.17782090107794 123.74176903555205 106.60332818546554 77.71689963312892
95.32186941976585 101.09006595670228 103.09692474786704 107.68266170310686 90.92260277623230
97.63816975319463 109.42566125191945 105.50650193931625 97.475513839068 95.8481280943621
38 35.250086185602839 40.61677198138079 21.721361635110092 46.222548313652304
41.61748031535502 45.34827328152177 55.17559779588835 39.67251026061090 37.310744569250090
32.50761374658708 23.09455337286971 15.62299960310642 15.179432085870113 10.816493740896817
51.76852043989735 53.222701454901632 67.523850054262624 27.96533254712459 24.578533143388054
23.35321135593218 27.7131261114524 50.59666293028779 17.358567691563991 44.329797255606849
38.12774165675973 33.02115821860772 25.905058500236898 30.02311939578103 23.700737728177000
24.576309724924425 34.62142704006829 30.75998110814644 30.75423052973914 27.53991430597081
48 52.451826539279480 48.79374999304276 53.35758305322806 56.3306102780506
40.251500273483416 33.98009374636213 24.42721279126128 56.992426840156988 59.36847984215342
38.01612453071166 39.38105033758561 36.66525126996174 45.24164736342434 52.986298342797348
59.38076980773666 67.04680609750532 70.27143970094320 37.29375078657763 24.912615313497490
71.163325670126255 70.504383891226837 45.24827661288193 46.296310564476528 59.547814148976499
43.34425446354953 57.476920120765605 63.98443543788188 64.747627818823347 46.66102853965733
50.6614462746482 35.03549136189987 68.84017644989717 54.06689590383927 60.98436319643819
76 79.92531969392286 88.1480088865672 78.10102966383276 57.51255715452729
90.07320963661093 86.091305897394577 86.248942909948468 82.57423218209895 84.858902788134188
77.82173746055126 78.70171639397743 73.148449057833602 79.818091684543873 89.84752835743650
87.85783688766472 86.450556904934984 96.44243750647441 93.51095995028612 84.539525142042834
79.090321362208613 76.3528098427174 77.0631422595373 80.146593933099 79.02880333044105
66.70645828854292 69.750456469503106 66.5062222566017 46.91599400413425 88.581525341115992
86.6369290833731 70.77517598941998 71.513638343141849 73.202811394792178 69.767090124430709
67 73.37073702667404 77.86731304913006 52.517180690366629 70.4809778532125
59.725123153247615 55.09516257215844 51.13425889906782 62.835717225264666 56.33268197831332
61.37138157000183 62.87684617583887 58.29778032659886 61.45891264356455 72.65011055551525
80.84023423474910 77.984550903329975 74.96850872643242 49.460713180014 60.846973870924685
62.4636535105939 55.183335055133711 77.55774287874253 63.26075468415726 63.954074883569547
71.04221040244263 79.44277644969073 79.14726126308163 78.14984974696137 62.02782289582116
59.37262298748255 55.781982991572519 73.56534249470059 71.5452845588157 80.2087499844334
65 56.7911546082547 54.602187932347647 64.984121902213985 60.69808313127285
59.62594061345244 58.24604631142913 44.33775546838453 64.45784561980567 68.521097556890552
68.303059993670360 65.934322433415019 67.084331589745 69.197818859431749 59.06700192037742
60.37684819633508 59.616903670249421 51.61139096287544 67.39464197993237 75.87021862459656
69.776448793708553 74.87975077436657 67.952080896969306 66.731005157062171 59.46163647996902
65.659697032266536 78.5237962592682 73.7209164041559 62.74915106464868 63.113778202786058
56.56704072651866 66.12789445726457 69.24964632467019 65.22733781337769 51.70222255638645
35 17.426473795727759 20.012948109192962 41.352187327133059 35.373679641269156
33.421770610288519 29.15434146691567 32.19168633769664 21.367855613690711 23.046912986825543
44.9651008948347 49.98558059571656 52.59883774144264 53.469429843453057 54.74050357076711
31.30760601976539 34.26241375487943 23.454325299711289 35.95935164008515 25.68801466979353
36.7846180855585 35.136148279093504 24.210142935638622 34.603430971314033 25.549133846505732
53.99480885403923 36.614429959289573 31.28294956784715 33.826213737687205 43.96677849202445
53.69834949735707 28.53092078409873 33.82699050905177 40.37355682887897 49.235106377594910
-44 -45.391416282257964 -49.23382379828544 -46.302017769310503 -55.09502205432335
-34.978692877459103 -32.54537421463293 -21.037493309898089 -50.294692023160486 -47.8799668390715
-44.34311963555845 -39.34216125505914 -50.19379856524367 -45.9000053922391 -56.284221053436539
-53.55587126214595 -45.49340224017256 -36.523691505706928 -48.75046520147568 -43.89559907109840
-43.090652246534589 -45.24754922787772 -55.880913456437696 -39.452102470889180 -58.11546989952556
-39.4916942635434 -48.78143978435754 -48.88188793707305 -53.69763146843424 -43.685626487419476
-46.30298888007781 -48.20043027257967 -38.62491390739619 -45.89552828261956 -43.35668553166705
-85 -59.346491583045633 -53.555392822426050 -87.98411478477156 -89.7207453283394
-80.58797806862464 -79.95333396911134 -78.428456046336350 -84.8245552020799 -85.48000207606380
-88.435100722513454 -87.621459477277398 -84.103832223379342 -92.09195147183323 -90.07263969720346
-91.581873415577 -86.03550729798945 -75.014131469934398 -86.79397662987630 -83.13479210311021
-79.53990800578858 -63.472814686874209 -80.848883365903546 -76.83282905027059 -95.5015176747155
-93.6696407319993 -89.913110680565580 -96.03841075862238 -98.52661611124792 -81.66082421134004
-81.67522610555687 -102.23090274695203 -97.35936114748750 -82.1924934659086 -69.8609331276575
-45 -49.721485781069447 -51.592626461001657 -49.474843778639155 -60.6557627069208
-36.38846781430485 -28.45127770102841 -22.401786347800243 -62.3543881172143 -60.964333943276380
-46.703683642583755 -32.83589045085971 -33.09491034265664 -26.72068285371123 -19.20190361994491
-37.857888878484054 -40.359125457571487 -38.73392411951376 -63.4987813469389 -66.027219565549
-36.037092993310011 -39.89118719284387 -39.946659668338299 -35.38855091608860 -50.69081336772713
-36.52241324811539 -35.74340300878145 -34.571423877245252 -29.100563663931247 -30.04771906604444
-35.98871952389661 -38.65583128215692 -41.172925429091521 -59.468377452246038 -71.86923476513174
-32 -30.468081970085361 -27.09748764742745 -48.076883840936397 -35.119798197958559
-24.730120062712157 -14.714490387062412 -15.396673532724673 -30.75062569753486 -41.257950345556836
-58.34793038700718 -51.690641670985826 -55.723627027517686 -58.89004948270757 -58.26059296462387
-30.276858612319316 -40.86317109598393 -45.15031713281996 -17.51323750966066 -22.60536398174203
-20.719349136523729 -22.507157837601387 -30.09603369400438 -15.021524214627627 -46.40853234721486
-39.62470793175618 -22.018058776100283 -18.174781489206683 -13.694579132676985 -20.749133672028510
-24.788384042034700 -27.505188230999924 -39.509550064408593 -6.5122431436763186 -7.3846988665895008
-87 -87.31268361654013 -91.74521080761509 -90.80082529978760 -90.99945361733079
-90.74711141464289 -91.76557476828789 -91.47692798748433 -69.321229776227469 -80.51939857079506
-97.34701296713467 -99.2235786922691 -97.67737990477045 -87.9539393871221 -90.31987803997423
-101.21743331379562 -100.07758829025811 -97.13127529034900 -72.17621467073137 -79.25714216605107
-98.2749486653425 -115.96336624775485 -93.57681398057834 -86.218671357188853 -76.47462114178592
-70.81116308435909 -93.29440681440504 -93.83903810135034 -102.50629145751813 -75.494062441779306
-75.135819901368322 -103.08276412499670 -87.50827021135720 -84.82876311978423 -92.21447778688270
-111.00000000000000 -116.51424750544743 -130.85997434318455 -104.44639300837152 -112.2962871489115
-102.5797274315299 -95.53122234671849 -100.60297108336860 -31.80971774180672 -105.892917819145
-98.42723630393706 -100.6491446610668 -102.2544910600061 -97.51564449094786 -96.6987260498274
-111.59838193073121 -109.14235606167477 -105.0220380076817 -115.83953541811886 -113.25199286492980
-109.96846366646130 -111.8683622694368 -104.98542056394007 -101.16568879706438 -108.86363274075825
-117.63166988890262 -101.61423562856378 -90.75552995865299 -87.39012274415232 -103.34275376981346
-98.57119358287528 -106.91696112105231 -96.26169944398040 -101.46935330767893 -117.40674659075239
-72 -78.22278675437573 -77.624200604433241 -71.02955158625574 -72.520585806905942
-68.7258107044021 -63.4591866745143 -54.876241026115785 -61.20517533985686 -60.99985751626722
-70.03792404231268 -59.88895148982655 -65.11260813100454 -59.64487196442833 -65.45960336938667
-84.85036875196774 -92.76426288323718 -95.68353334441269 -84.62264477986461 -99.33003338953954
-83.807621774391933 -81.25642520398944 -63.95778909577910 -69.61184995412569 -77.94249872267856
-64.45700104436465 -74.2530867557765 -71.62132351726621 -68.41672648701574 -86.59059213464002
-88.69983306666880 -82.179157633346165 -65.96040399342937 -84.95317960458770 -90.4579190414033
-76 -90.18713025976518 -91.61679329411265 -88.5444202689051 -72.20352075350895
-79.654404526156952 -65.139571498927793 -57.216726473566460 -71.18728603594883 -77.6916763906681
-85.7453722841255 -89.38902621575826 -87.089354593510095 -83.80839963448230 -85.9454160466703
-58.915894902515447 -59.852853843641 -66.29308116305914 -75.34469525373022 -70.97296786145468
-73.09535311980630 -79.95497288844462 -77.233941023713840 -97.11947757479061 -78.242413069334
-84.76559495417573 -75.8675903659463 -84.8111555075135 -84.2520487878773 -92.11092853230078
-82.039623103308884 -75.314544786161250 -62.365683714875402 -71.91691329899653 -69.004525465256478
