-30 -53.07269640674317 -41.46216502275362 -57.78557307232956 -71.00343872299823
-40.13079760201219 -24.11790385166874 -19.41951683605042 38.738902699248058 51.806473883181809
31.119911882663452 25.417370775462260 -65.85214276152747 -64.0889638855394 -106.18690498799722
-126.03145751397638 -192.22934180470213 -243.3998997047243 -200.22872329421554 -230.12666945109595
-229.5840062638524 -211.12961421089636 -222.49374337237225 -255.3733405231915 -272.3645003076297
-279.0593167280883 -309.0115803676486 -296.2466412744854 -313.5193604769508 -339.7371841753604
NA NA NA NA NA
-41 -61.3979458002298 -79.94805301560172 -63.1577801849131 -11.73865626022483
-3.4129518965199779 4.8264043985846659 5.5767550148178087 16.20757696265862 -1.531058944466345
26.84538631834648 67.538042011872136 41.497762319928341 59.9265452669901 69.27727317866342
55.7419228447212 50.47018290982906 65.497622051017999 69.44726916564011 117.8454351749872
143.39448676061036 136.705008128145 165.17750756056492 182.43068192193127 188.49166290768508
154.95378090145226 188.21529469067025 190.92413749298410 238.1657024840335 245.3470999132783
NA NA NA NA NA
-36 -1.5598216024070339 -1.757874770872131 -12.138341050323497 -50.90299187186734
-73.72116572015103 -114.7254419083727 -67.80085648697322 -136.2805200823053 -136.11897633796769
-172.1896397893872 -147.4005499575016 -156.6561513984954 -166.53524130492352 -176.85133703435730
-197.8405496257372 -185.82266138820737 -265.9274307983006 -269.90291999272154 -235.5623420156084
-270.37718201282405 -298.28958338744940 -259.70343954650275 -201.1720665768203 -206.66620022241838
-199.256731810395 -192.42255474234568 -187.71640248790317 -213.41699002060858 -171.15215812076099
NA NA NA NA NA
48 -10.457680921023993 25.57530747024908 7.230977265259924 -21.062277412711349
-16.61468676147126 4.383106559580934 -23.890347596786981 -18.163800692746122 0.9969560797204728
57.42827049343083 110.7471543432205 100.12909209936635 85.57070338354031 72.79676236911388
94.3132953229232 15.007139241587140 -8.983750642832987 -51.59259884978044 -89.89942223041353
-95.14572432072518 -103.08778238880869 -120.92438873548878 -99.63319481558574 -97.8386711284178
-69.229325308281489 -76.6222796322776 -70.20895526588262 -97.97392981627156 -86.948298694481650
NA NA NA NA NA
95 82.78579177482271 78.394480443206689 75.27792004037983 87.3812725731785
78.804912117360772 68.14335166781103 70.7964579915871 81.9737917496952 64.459548760798867
32.639937746772866 29.53161987983153 31.12161499401498 -18.159049071307429 -26.73929448217959
-10.300492473232946 17.446519962571237 23.728837410047678 40.703658340693003 11.93641937583292
36.02141402263626 14.96193958537495 -20.09006966616797 -24.929991817231908 -30.92483653677111
-31.79687845611065 -30.12220287271459 -52.678369589646096 -91.9587601640108 -26.84552846783937
NA NA NA NA NA
55 106.46708546625496 100.38519890706621 119.90112239317736 95.98164506138767
58.99947204360139 59.534398713622458 66.919548783786610 68.994748089334678 114.66213519131546
132.41561993361495 158.42371734279070 214.10285282436189 207.140896589307 198.1077215114477
193.12351973683087 187.1239568547061 205.29390122172930 211.02460732051694 225.72310958088349
241.2837028380638 263.3422891794442 301.1514717007978 287.8440673568806 309.7571852626922
326.92759468215957 305.15190778670353 360.8263499916383 372.57965016271800 329.9359011062937
NA NA NA NA NA
61 50.891346189891308 142.49266648152368 139.8326056693443 109.07225707828269
105.53863704264104 141.83103067922701 125.09874255723523 142.21797908886248 186.44784011819098
161.78853794953122 189.0430442140919 173.7213333218253 187.0021641291222 195.32746244165767
193.96853443336170 186.60748246687075 186.87308263668544 190.3289946263061 184.80152369264260
143.02453329175523 150.0735551347488 178.47006501393372 188.6346400120907 181.594119658592
201.98406403056708 208.64814024415242 583.794782975331 262.34300413521407 270.5891375221547
NA NA NA NA NA
40 52.421199298463094 58.58036108477673 47.6461719452771 -3.235625998131269
22.67949391597338 2.905318755457685 -7.7206337135400238 30.209876272811776 -25.2982333504207
14.732551124814840 13.24413836945977 82.67290469677071 83.85289677123667 88.606356364776957
120.26989461861842 131.89466442601318 129.6436440695158 122.97002462540323 108.94583487393008
88.08192513247506 116.29058461390275 101.71051031964085 128.0650323947153 168.11410144831888
164.13145920214032 130.47611300103574 806.346798445996 201.43589053187921 242.83221789880810
NA NA NA NA NA
-7 12.13326692496082 24.82576661970483 42.739259419627459 79.37749868437407
71.103306998804044 78.44221095758668 44.236834528439431 11.440777245728270 38.648155440310909
33.806302980042219 -8.6046996790523380 -31.99604003196037 -2.510487830786762 -23.38673312560162
-2.876881511161734 33.462447405692366 12.786170912808828 35.814253363321257 46.97474265850227
66.868627741222767 117.02497074416183 92.03887326530720 92.79456883683423 120.1821604450867
133.26846844056570 159.35093486468918 854.285623394295 153.79780094340919 152.08238629412205
NA NA NA NA NA
-31 9.710938934578813 7.44262177250178 3.422610249415989 22.489116390727830
-9.842689104545059 8.991914525470753 63.431007711332008 62.48583528261695 43.842590396427426
38.33419420238685 9.169344845840122 29.008807574321303 49.68563473867424 47.921746853206365
3.319421339558183 6.828089392702115 7.421100469303804 5.9876814029707068 14.773324605466362
-23.48319931405658 -17.90058209776072 -3.0366710216237500 -13.743105614751656 -27.59762653860508
-4.8298862278131445 -32.46407860857176 1140.8007157262864 -21.13086927852479 0.1414650935548956
NA NA NA NA NA
-11 -24.108378665903931 4.2353929013459997 35.94544278008656 -0.9960890576880956
29.97149765350557 -42.523787548964478 -65.7353456646057 -76.28309666683093 -26.575139835889736
-30.31098406643945 -5.9666497488366552 -38.34865451156398 -34.47438896917013 -6.8433371317672531
-24.25361292497335 -73.892027770957824 -79.41769643538704 -128.5641153919835 -138.2425794646308
-132.1971810340727 -125.81119584451613 -167.42643718470205 -144.6409625739422 -155.52692573620590
-149.3131865610959 -122.5190975933871 631.6934925535065 -135.16931266145286 -176.83855509776100
NA NA NA NA NA
26 11.59709189228537 -2.93307626749967 -3.0171957598496544 -19.875304190393337
16.796049378084529 30.625649103733522 34.61506738712647 30.108342256813188 7.505143167229015
4.0995914505790925 -22.7844128405415 -20.73083790855846 27.726787614854057 4.263991341273861
33.503822167240699 17.134996501138719 53.464574939661858 8.80318682853005 -11.168476082580341
-3.743762314053881 35.167398581801997 89.184774963269177 140.3858632026329 210.7352243060177
202.63720355275939 187.0667839933731 570.8155317345106 187.549548250676 175.5951292801113
NA NA NA NA NA
200 199.18113903339750 139.1108735282911 128.15533340696501 80.67783240601312
75.960837287221381 67.169421853654143 76.894930080029809 60.13304314526927 70.44679840108161
66.544814235257164 66.4403244668064 105.82886810816183 96.48347919609397 95.53419469721706
39.760479583798620 44.20337352935611 19.16464638294318 15.424362499755251 21.32267606303265
80.97665526437240 48.247870834228983 32.07199896624351 17.43189830197419 10.215039480997966
9.901657172539997 -0.63835134200656540 446.734926192732 16.690736733820110 21.837589502977050
NA NA NA NA NA
469.00000000000000 480.5987142600632 462.0984555451586 505.16091898554401 539.49255062189491
517.92682422293694 447.322194343393 385.9479095438793 389.98134056375233 434.0985532311177
455.75753097373598 461.3807177214724 409.163804379838 404.5047983100742 440.9803393492203
438.2853020254405 450.45876044843038 492.0824063738978 546.49116569660509 546.9392750789663
514.34995267471993 526.2723124154909 509.4958972027005 543.4624982054789 503.92960915009
481.10415562337982 440.3306037429239 503.5170030057523 449.2407186006614 421.46007823441903
NA NA NA NA NA
643 616.14291466299017 671.8194331453947 683.1717034632707 666.90302892821330
672.1765882800358 673.7919064235758 638.33560198523844 633.8037041259303 590.02851965223249
623.8672513651223 640.63831252794159 647.4463209466257 651.9584345178978 655.452570544547
699.7932992290067 693.4331285164815 660.7885431586230 702.42621959990606 725.8521006632737
774.73998447844065 832.55105490651829 841.28894788760647 865.5255312840408 908.536690272244
920.8264134698128 890.29752969938704 938.0371766756732 995.0244714722708 973.3604888319926
NA NA NA NA NA
811 845.2044721576767 894.5994871428414 950.6425493604931 987.7394733067064
973.2907981892057 983.9931066396030 973.8937522035984 966.109939636221 986.238031469284
949.4154931171689 927.4804442393076 901.1854824621586 844.69613003371671 869.32618151790939
899.67468044660541 939.8980131179372 957.9660536062513 950.6154737753488 939.938791708109
934.836705906717 949.283879631778 998.0850384725316 1012.5734502715864 993.307256017225
967.7109532868152 955.93236606142 982.1762313143635 978.8589842653153 922.79366032127
NA NA NA NA NA
1089 1058.010102779329 1018.8801117178016 1067.3976703896590 1074.49661158022
1026.1805635262244 982.9947333671105 930.6923949513880 863.8945556090493 894.13155671275501
900.7858478857351 911.9861870192007 958.4285288549303 953.463659256242 993.7450339842717
1025.0427261548687 1009.898034848529 1036.5863670951612 1088.7228862453878 1075.2145857233631
1108.12324446797 1089.591383835978 1070.5186597577319 1049.9327599122878 1072.9203426781221
1101.9457575403235 1075.2542494621337 1049.5797733305417 1106.648918068279 1079.5660755783995
NA NA NA NA NA
1198 1138.2814981975214 1107.1035902159167 1160.2398846788474 1191.9107339440754
1208.7809888417778 1205.8942034082672 1207.0458818412162 1185.148181457356 1217.9106186311099
1158.471886325083 1096.8462596367647 1135.6144078505563 1157.8735107832510 1187.332702997869
1139.872871204889 1146.4316718530133 1185.277419229607 1205.121580742939 1199.1843172708761
1227.4435914484841 1326.4866338864761 1339.079588072355 1336.4899829353496 1369.3745096525467
1311.027676848087 1267.8116570442678 1274.635068888247 1248.6173406473531 1222.4992251264500
NA NA NA NA NA
981.0000000000000 1040.6901066193607 1067.3615925661866 1066.6457362189556 1066.2189041387178
1064.9469897002507 995.5007894798023 993.815055131206 941.5554841780433 914.264352578241
942.9469617617021 942.1127872268385 931.7371387859 922.3821551961820 937.2197010094023
937.6267070306355 885.4066000730488 865.387192201694 906.0777191179792 885.210196738081
868.610654178671 854.4842311118465 804.60335303366674 847.3560751809779 900.2076101953373
863.13099322808239 876.1406238559007 871.37554121718051 887.77251088032904 914.5608686846952
NA NA NA NA NA
486 503.42048035807539 471.7977595983072 454.6037098846257 453.86386938956
440.69441077587771 456.62027063717511 412.1136145722263 433.0395417085114 480.4799515214974
485.664745152697 517.11216080765473 493.73768313610867 497.01872512299599 545.7761248756997
465.3967739369311 500.9289629244623 493.8447472863864 548.92104585424875 542.93890666727646
558.9053428944616 593.77871150447845 594.17678488912850 575.75619921843338 573.0416389750241
558.4736246303278 580.28684384513 587.0212574002778 582.437506978439 567.873835429105
NA NA NA NA NA
-107.00000000000000 -76.43360370662703 -66.62631335558297 -65.10089223676314 -38.76351657411032
-67.33008234317406 -108.45425216247190 -162.0416912485102 -169.42756694161818 -172.20409333210702
-144.40644417165291 -159.93337217288837 -117.7668808129914 -117.58711063928378 -97.84192990411894
-124.35310472786426 -149.37450613947777 -144.56259340719288 -106.97840383264870 -101.27674711894545
-88.22345292074097 -74.762156552981381 -71.16909549056818 -88.29552754237156 -84.36648549660262
-94.7131503363466 -150.94959679622045 55.950135759187091 -147.75864653902264 -156.523993304525
NA NA NA NA NA
-595 -609.5846568211972 -595.7252191371197 -568.66990650321497 -568.8609422900028
-567.0615723598478 -563.0056348330725 -565.8001440096086 -554.6120608885286 -578.08368641253014
-545.07889846757485 -543.3386360174028 -512.68399460845524 -482.8820612416912 -457.19829818475961
-433.7631360753195 -452.8153486900983 -436.40824582484413 -464.8926734922334 -436.3774111495308
-444.22611622852122 -443.3674521820990 -461.40072883779027 -460.3857222708119 -477.71321726958013
-488.30763473227591 -450.82223353912519 48.05207533374106 -300.6920019045284 -295.4118227927514
NA NA NA NA NA
-861 -857.46025368864753 -862.81102186549458 -890.76935918697177 -884.02940413854799
-842.179518322218 -894.1406017843478 -878.1987062998712 -892.976174196025 -897.5582714564357
-885.5211276384844 -902.8212609906582 -873.27475627560466 -884.3078986608824 -946.7676530608445
-936.3823842483511 -956.7862226465394 -967.025970963955 -973.928299043686 -958.582500532197
-955.5340152048771 -981.2639260013725 -1001.2297903874883 -945.0011714456876 -938.4342898538092
-890.7147649547413 -901.0906622736462 188.07171084920489 -894.0193464055149 -862.3087195410960
NA NA NA NA NA
-974 -1016.0763626052978 -1051.823236164676 -1109.5787870132897 -1109.1040255275741
-1073.7397732488878 -1045.2502701686215 -1010.8099591394689 -972.8214186191407 -956.9669114157444
-937.9009317412621 -921.2672028038568 -950.2307074977689 -951.0560213085168 -1015.4309242192553
-1033.8082878008829 -1091.1221716207069 -1162.343589459398 -1202.6378607674105 -1156.3812998439075
-1157.6220999372756 -1131.475840762201 -1110.1210455223543 -1145.677929324596 -1189.6662900435037
-1185.1007324301820 -1164.8872327572903 -11.209837441474701 -1183.8345869284119 -1171.7326523528425
NA NA NA NA NA
-1027 -1030.763728507956 -1015.7405456422405 -1048.4028493749383 -1052.9049709219235
-1049.2246793896995 -1019.305590246556 -961.4498573111334 -986.521592378083 -965.0042738865263
-916.4946577670943 -915.4285948642938 -890.07943960541309 -888.5389387250456 -918.17716751219
-915.9990488350264 -910.9442050639844 -930.1278778003594 -974.8391513284719 -974.1420543278189
-974.3531349736576 -980.7842848762718 -1017.8098762962383 -982.3300010354114 -964.5440873093294
-930.5754155411515 -881.4558898287481 -9.336101915095036 -884.95115964642480 -879.8985502079006
NA NA NA NA NA
-1008 -967.2810853097297 -1000.4135233408676 -1017.8981897199308 -1020.378050106056
-1067.0334833472734 -1086.136372554747 -1036.020047918561 -1037.9422767389324 -993.96110580848
-943.9853545250438 -890.82627362214794 -928.7260196281885 -930.5102774406132 -972.5643623039178
-956.0598920538200 -994.7739897645566 -1057.7855924610112 -1111.9878737728993 -1144.6130074140835
-1181.4626071558882 -1188.9384116338022 -1236.4209819926882 -1231.1419979406728 -1249.9133357390813
-1235.4110946184794 -1183.9347511438145 149.1151839194605 -1148.885965293644 -1112.6384065031041
NA NA NA NA NA
-871.00000000000000 -869.1930161691146 -882.18924891099505 -936.5217507616444 -922.3632429945832
-876.0594543015562 -891.4856994714351 -925.8431515690505 -934.028981388017 -972.426345902035
-944.9818970519816 -966.415331821068 -965.2206731970803 -958.2804224342287 -1025.4403544873176
-1016.5850301808264 -1032.786571167044 -1034.7969061978406 -1092.3310030183761 -1086.8011550146844
-1073.3913972043217 -1097.8974447849603 -1095.4286472618853 -1125.1002544384139 -1113.7375575115816
-1073.8088346032223 -1067.6592674802102 -36.996183510314495 -1106.5907701079618 -1095.7521732587031
NA NA NA NA NA
-753 -760.5815552978387 -786.6287158805175 -817.5817846976006 -811.8710717636997
-824.2370913141759 -847.9945302889912 -812.8446503347055 -793.7799393118688 -758.642003767381
-735.064232779257 -734.0666105291003 -791.4861084473487 -798.7126330724726 -820.6444656215934
-788.31643630183032 -782.8046615343214 -811.66820690249733 -880.3631728490657 -887.3198103479524
-875.8264623747020 -832.82884640451698 -817.88906805129045 -794.8817406263983 -830.26258425905928
-836.76258140763639 -834.7943641404555 -852.94482089457790 -882.29737316767500 -865.0481150662457
NA NA NA NA NA
-660 -658.4716894832574 -616.4071658124717 -605.1215262140197 -601.569007788373
-608.91403212617115 -583.5196710518694 -528.82566623601997 -496.8072787744024 -469.15165432313597
-486.20589023729411 -462.83007615544597 -486.31013391719085 -449.6184080738623 -401.5852844340584
-416.99773160248975 -402.03862944038264 -403.1439186944599 -428.6655803011290 -392.19303296415410
-414.7761560337107 -409.59263087691664 -405.9510800912987 -417.5836475330514 -427.05005627870383
-417.08046039705232 -401.60329722372978 -443.16010113276593 -503.0447441630557 -505.3662391041731
NA NA NA NA NA
-563 -580.5280738242835 -577.2815551658827 -590.0220320200772 -588.4500363742587
-566.202460114483 -543.6997949132530 -536.86746244604410 -565.26182561658345 -565.85075979886983
-544.3480470917993 -586.0199596245743 -612.4342210809662 -617.2179250317374 -612.23054475551442
-620.34823101131815 -619.88270589081549 -580.36182601749056 -530.499974281583 -508.42056130756959
-487.16736476224804 -553.5432336750271 -557.4745431771288 -541.45932245766494 -547.54202809783988
-515.83333393300404 -543.8975845225913 -535.73245429853648 -557.71415339832186 -602.0858879909526
NA NA NA NA NA
-483 -460.89794377155516 -480.3871140481488 -425.9881358837235 -498.59460275712797
-467.9185914995444 -463.8770225472383 -432.4568193936503 -453.63930842384792 -453.2004898168242
-466.2196491815473 -481.8715891719407 -456.16665809054012 -476.45833353850554 -489.1045256976087
-455.48386634559893 -440.5849726742567 -463.39694521607618 -508.86761177694802 -516.4545557796414
-543.9588108755298 -542.77019391301212 -526.1628659475073 -533.3543474919521 -543.9282695025056
-546.8954835876563 -506.8914578985413 -509.66897474766017 -481.15776785520040 -470.28966659439300
NA NA NA NA NA
-442 -434.27020583252983 -408.48478949294338 -429.1435722681077 -430.79336345856387
-394.3664934110276 -355.933454202033 -275.76672954625735 -291.06198438366562 -280.3226234146489
-295.2301261464869 -265.90215185767994 -240.93990321894296 -282.85317990042984 -250.2834387999527
-259.86476844490846 -226.37333800855933 -203.0169439105578 -201.2751984924453 -221.4093663454203
-230.98037860240524 -258.1124609042577 -239.7865487522884 -211.1079718355266 -195.92969142569402
-166.4921253593892 -140.02726849150994 -150.65204362235076 -143.19768156994664 -178.60534328519572
NA NA NA NA NA
-376.00000000000000 -423.1856505733210 -436.9338587647593 -468.32570161546425 -493.7590130106144
-538.36783567949 -464.45210467948351 -448.72456501446 -491.1584799686686 -487.94830113242210
-519.6073762544477 -457.6857807939764 -448.65839682298952 -443.6557997331382 -446.42138375102763
-427.6810570403343 -432.6894607688496 -463.11808779616507 -430.86430129287913 -402.5979471084375
-480.3131671297287 -490.5364819980093 -438.109399205397 -445.87849300058838 -458.23411184934605
-446.27757481874642 -454.7885156063998 -445.279095563963 -390.03955843573738 -408.7469383851982
NA NA NA NA NA
-305 -265.94616412636299 -241.7023082271403 -301.05867249486624 -271.35381298080705
-264.35598690958261 -256.09669579270832 -219.25156764439208 -196.1898025667864 -223.0804610090562
-197.93740554502850 -210.2296572230464 -198.0508534166985 -175.64426922399801 -141.1779938392039
-102.94378254128983 -100.43797738008259 -152.26093587833546 -126.7035358882489 -124.97779104958195
-127.78699677064174 -140.601716426605 -142.8896517494855 -121.3265058270508 -119.2090878428032
-124.6398054044876 -118.06949700642605 -76.90876298957608 -77.13729760888778 -95.2295041844693
NA NA NA NA NA
-276 -286.8588087589765 -301.4432524290185 -325.3165371691964 -346.2915546575717
-312.2241232513004 -247.65548505753247 -189.08982585407276 -207.09979477327965 -220.3715676658104
-166.80455641734355 -179.82520731062516 -219.2447021682314 -201.064613695227 -237.2760020511467
-232.9680884151038 -206.08878965838835 -204.77104325596207 -222.347906478501 -188.36200574776694
-158.08163329423849 -215.43893426417273 -217.66363938398317 -189.2788987478636 -164.54973708252626
-219.28358316478841 -259.0900691639213 -276.160013722291 -307.32428780299904 -322.13492359868030
NA NA NA NA NA
-236.00000000000000 -266.3204027287956 -250.1145961022463 -274.28105291457427 -246.8423072380286
-200.8243850485056 -203.27920553467436 -178.85592237030409 -200.06474098591067 -133.50262053387581
-111.65447245118614 -122.89246961203617 -98.38921590701652 -70.535208809223889 -96.19457483623813
-75.43163739422982 -93.31060865204988 -98.17299878129731 -109.12994705584217 -119.14247092598079
-154.39420806092863 -138.51680040208871 -155.76865277984709 -153.95616148162256 -145.4842853694597
-112.03428208280258 -84.129905090831883 -74.97378125556277 -112.65100792756937 -135.34395496206940
NA NA NA NA NA
-165 -178.266205761656 -160.01280357635088 -197.64890244493796 -199.15100638743286
-182.22779284825577 -127.9601529619307 -172.9031656152667 -181.69274203821996 -206.41232580675566
-199.6134760505576 -220.43568460465278 -232.61312074378000 -186.63807572082681 -183.63057845356178
-118.46347503844225 -116.60903967056615 -125.22229719063004 -112.52751751435585 -113.87562575934496
-116.94538632944135 -107.26236857017138 -117.2614903316258 -142.17088401674525 -129.80252219846696
-164.40164242260414 -202.3934578657782 -125.17464757055522 -62.578612885656689 -98.14929301096592
NA NA NA NA NA
-50 -84.63405565843442 -79.23314744038839 -111.90382724283901 -124.35641581943652
-146.84841397552788 -158.80020476909007 -113.11040585900314 -94.32884434332937 -129.99132128099217
-79.77279441687364 -93.35159798682105 -79.419007422944148 -91.64529064338592 -158.30178725651277
-164.6439834576645 -144.19266289288063 -107.53136703805751 -70.705875427798745 -50.67752003806673
-87.09906111085549 -92.78960378048686 -57.35882333032918 -46.74022511082612 -52.932879602827690
-32.99300667057353 -33.87122513559943 -41.061457930861600 -41.204505263865379 -62.47991010892806
NA NA NA NA NA
36 21.876280232296129 24.69982724777 52.35671107060232 59.82795398466491
92.45302653954784 99.59855577940976 80.00808657099904 45.657016806217392 29.88216660086810
28.32537680199067 48.779432414752705 86.05072880056855 72.015572628799973 48.33319736984143
48.11266960172345 50.14480702319081 4.047145886159896 -3.5526719013369839 -33.07075494190855
-12.970272828321978 -14.624263289578721 -1.88122532431199 -0.7981702987945245 -35.092436230395727
10.312979477757828 9.96492858529855 -18.29364113400397 -41.07471655286297 -12.715506946268206
NA NA NA NA NA
125 158.48549045788079 172.629894940432 164.26850636034146 128.99790931638469
142.06418055832359 130.6804623908509 120.92733646628744 107.58802947413302 112.14102791307964
120.65868872302227 80.85970379577847 29.46290278148918 6.167211967373593 13.074360600484368
-12.32340910902998 -14.59467643122302 -56.47849262303513 -54.611287807721133 -73.19118456195748
-70.011594019454520 -33.38016833139206 -44.346541237820375 17.343318675765559 49.341629358137951
24.804345351188548 -47.97208617807497 -76.2170807659938 -18.12200292986512 -22.304657503402279
NA NA NA NA NA
