-4499.3 -4531.251 -4499.774 -4477.072 -4495.988
-4381.976 -4381.976 -4502.576 -4579.717 -4555.13
-4487.15 -4479.704 -4336.703 -4204.427 -4093.744
-4093.744 -4046.716 -4218.018 -4015.094 -4063.934
-4136.311 -3878.849 -4054.088 -4162.093 -4214.05
-4316.632 -4316.632 -4224.895 -4295.912 -4293.869
-4359.722 -4327.942 -4327.942 -4375.331 -4366.879
-4376.275 -4283.557 -4038.184 -3932.594 -3796.802
-3811.058 -4101.047 -4025.2 -4110.525 -4197.682
-4080.383 -4256.317 -4292.179 -4316.805 -4316.805
-4254.868 -4294.385 -4332.850 -4343.666 -4327.191
-4082.046 -4171.897 -4192.028 -4190.85 -4193.573
-4151.947 -4151.947 -4169.835 -4180.331 -4110.875
-4162.048 -4176.106 -4183.625 -4183.625 -4185.489
-4078.127 -3983.412 -4015.352 -4085.358 -4196.095
-4196.095 -4196.095 -4196.095 -4196.095 -4196.095
-4196.095 -4196.095 -4196.095 -4196.095 -4196.095
-4196.095 -4196.095 -4196.095 -4196.095 -4196.095
-4196.095 -4196.095 -4196.095 -4196.095 -4196.095
-4196.095 -4196.095 -4196.095 -4196.095 -4196.095
-4223.673 -4179.526 -3942.278 -4012.38 -4238.652
-4230.013 -4230.013 -4111.11 -3816.341 -3762.158
-3893.624 -3954.465 -4064.435 -3800.582 -3748.41
-3748.41 -3698.813 -3966.858 -3846.394 -4118.056
-4007.096 -4164.080 -4239.454 -4117.749 -3877.592
-3861.955 -3861.955 -3784.419 -3742.515 -3640.459
-4153.371 -4293.531 -4293.531 -4333.147 -4281.627
-4231.722 -4213.011 -4115.521 -3901.553 -3831.744
-3854.146 -3896.328 -4067.459 -3988.76 -3829.489
-4139.910 -3687.985 -3722.036 -3746.805 -3746.805
-3691.214 -3538.828 -3819.106 -4175.364 -4295.984
-4194.513 -4128.594 -3731.339 -3679.557 -3594.905
-3640.571 -3640.571 -3985.923 -3950.412 -3955.837
-4143.181 -4086.787 -4214.811 -4214.811 -4105.643
-4148.522 -4142.635 -3935.336 -3687.262 -3579.909
-3579.909 -3579.909 -3579.909 -3579.909 -3579.909
-3579.909 -3579.909 -3579.909 -3579.909 -3579.909
-3579.909 -3579.909 -3579.909 -3579.909 -3579.909
-3579.909 -3579.909 -3579.909 -3579.909 -3579.909
-3579.909 -3579.909 -3579.909 -3579.909 -3579.909
-3511.689 -3869.367 -3686.947 -3867.454 -3710.432
-3666.766 -3666.766 -3688.689 -3921.079 -3826.199
-3765.446 -3559.938 -3700.343 -3566.326 -3628.786
-3628.786 -3223.962 -3157.534 -2884.997 -3258.064
-3838.219 -3660.055 -3855.061 -3943.807 -3644.414
-3946.965 -3946.965 -4106.309 -4099.833 -4192.863
-4146.304 -4210.684 -4210.684 -4254.598 -4326.179
-4332.203 -4339.183 -4185.948 -4133.287 -4028.491
-4084.001 -4133.983 -3737.43 -3458.631 -3694.118
-3817.807 -3756.984 -3826.773 -3832.043 -3832.043
-3862.264 -3839.866 -3736.107 -3958.168 -3784.36
-3767.619 -3809.203 -3784.455 -3633.736 -3694.642
-3916.960 -3916.960 -3796.27 -3858.196 -3732.835
-3893.48 -4215.09 -4213.075 -4213.075 -4173.072
-4204.521 -4047.711 -3933.017 -4042.65 -3997.514
-3997.514 -3997.514 -3997.514 -3997.514 -3997.514
-3997.514 -3997.514 -3997.514 -3997.514 -3997.514
-3997.514 -3997.514 -3997.514 -3997.514 -3997.514
-3997.514 -3997.514 -3997.514 -3997.514 -3997.514
-3997.514 -3997.514 -3997.514 -3997.514 -3997.514
-4105.421 -4218.336 -3981.615 -3868.204 -3673.941
-3885.235 -3885.235 -3872.267 -3626.817 -3796.755
-3770.495 -4274.509 -3954.652 -3962.352 -4139.201
-4139.201 -3558.523 -3673.159 -3806.529 -3459.093
-3126.293 -3522.714 -3588.004 -3859.102 -3990.347
-3922.271 -3922.271 -3798.537 -4130.373 -4106.719
-4192.746 -4193.056 -4193.056 -4223.124 -3950.366
-3625.757 -3893.540 -3756.295 -3632.911 -3693.098
-3893.775 -3811.150 -3863.564 -3954.704 -3751.011
-3863.695 -3936.234 -3804.411 -3764.269 -3764.269
-3645.830 -3386.469 -3622.899 -3399.538 -3379.154
-3573.468 -3691.675 -3770.914 -3600.39 -3831.707
-3972.058 -3972.058 -4145.009 -4203.811 -4239.574
-4231.109 -4074.888 -4099.16 -4099.16 -4105.052
-4098.762 -3994.032 -3932.920 -3817.046 -3848.535
-3848.535 -3848.535 -3848.535 -3848.535 -3848.535
-3848.535 -3848.535 -3848.535 -3848.535 -3848.535
-3848.535 -3848.535 -3848.535 -3848.535 -3848.535
-3848.535 -3848.535 -3848.535 -3848.535 -3848.535
-3848.535 -3848.535 -3848.535 -3848.535 -3848.535
-3900.312 -3895.216 -3884.153 -3710.451 -3906.523
-3712.526 -3712.526 -3860.471 -3965.545 -3702.36
-3967.564 -3862.508 -3836.203 -3966.837 -3786.13
-3786.13 -3902.379 -3714.361 -3540.989 -3940.64
-4146.188 -4116.796 -4083.519 -4257.095 -4332.795
-4299.771 -4299.771 -4294.148 -4294.846 -4216.783
-3907.896 -4051.938 -4051.938 -3986.815 -3951.625
-4156.62 -4176.647 -4142.011 -3734.327 -4065.889
-4205.33 -4188.912 -4275.945 -4367.857 -4382.032
-4340.431 -4349.826 -4377.478 -4297.724 -4297.724
-4211.555 -4028.901 -4124.103 -3947.492 -4186.508
-4113.238 -3788.652 -3878.226 -3820.64 -3840.27
-3861.935 -3861.935 -3743.311 -3816.525 -3570.727
-3732.252 -3622.331 -3634.742 -3634.742 -3623.384
-3611.639 -3955.61 -3968.689 -4047.919 -3994.082
-3994.082 -3994.082 -3994.082 -3994.082 -3994.082
-3994.082 -3994.082 -3994.082 -3994.082 -3994.082
-3994.082 -3994.082 -3994.082 -3994.082 -3994.082
-3994.082 -3994.082 -3994.082 -3994.082 -3994.082
-3994.082 -3994.082 -3994.082 -3994.082 -3994.082
-4218.146 -4157.460 -4031.251 -3688.018 -4001.534
-3898.905 -3898.905 -3908.143 -3726.179 -3797.526
-3286.77 -3616.862 -3543.162 -3600.679 -3892.408
-3892.408 -3985.044 -3874.491 -3662.366 -3558.004
-3515.500 -3692.48 -3616.723 -3708.632 -3535.379
-3836.827 -3836.827 -3832.154 -4098.259 -4200.829
-4235.137 -4297.266 -4297.266 -4256.136 -4119.326
-4100.721 -4140.66 -4032.172 -3821.917 -3930.872
-3816.797 -3761.137 -3759.481 -3722.849 -3684.731
-3678.738 -3539.848 -3689.390 -3527.279 -3527.279
-3719.499 -3706.012 -3540.569 -3687.278 -3756.661
-3650.581 -3691.706 -3779.614 -3686.697 -3710.037
-4050.71 -4050.71 -4152.182 -4150.643 -4133.495
-4328.465 -4311.931 -4337.401 -4337.401 -4328.417
-4314.567 -4377.23 -4373.723 -4382.375 -4376.336
-4376.336 -4376.336 -4376.336 -4376.336 -4376.336
-4376.336 -4376.336 -4376.336 -4376.336 -4376.336
-4376.336 -4376.336 -4376.336 -4376.336 -4376.336
-4376.336 -4376.336 -4376.336 -4376.336 -4376.336
-4376.336 -4376.336 -4376.336 -4376.336 -4376.336
-4399.833 -4421.059 -4414.082 -4403.146 -4405.763
-4400.195 -4400.195 -4381.542 -4358.726 -4395.574
-4404.562 -4410.584 -4414.115 -4389.147 -4386.066
-4386.066 -4416.83 -4407.902 -4412.236 -4417.126
-4415.72 -4418.241 -4408.187 -4406.537 -4387.495
-4310.726 -4310.726 -4312.735 -4313.201 -4137.413
-4081.84 -4019.565 -4019.565 -4020.235 -4347.665
-4338.159 -4327.473 -4314.011 -4313.982 -4294.354
-4315.699 -4231.273 -3952.781 -3891.924 -3959.633
-4138.115 -4081.602 -3958.35 -3619.677 -3619.677
-3911.66 -4003.062 -3749.404 -3676.185 -3614.002
-3822.295 -3922.49 -3859.867 -3850.304 -4278.403
-4323.129 -4323.129 -4194.111 -4085.414 -4081.162
-4060.07 -3648.746 -3687.103 -3687.103 -3757.624
-3626.522 -3533.553 -3660.218 -3550.26 -3763.224
-3763.224 -3763.224 -3763.224 -3763.224 -3763.224
-3763.224 -3763.224 -3763.224 -3763.224 -3763.224
-3763.224 -3763.224 -3763.224 -3763.224 -3763.224
-3763.224 -3763.224 -3763.224 -3763.224 -3763.224
-3763.224 -3763.224 -3763.224 -3763.224 -3763.224
-3969.796 -4005.527 -4022.195 -3754.638 -3669.946
-3798.252 -3798.252 -4141.269 -4141.468 -3911.987
-4145.458 -4062.789 -3971.238 -4028.033 -4029.006
-4029.006 -3945.444 -3987.826 -3960.687 -4033.202
-4145.243 -4226.114 -4114.013 -3971.929 -3901.366
-3940.576 -3940.576 -3899.188 -3929.323 -4067.874
-4106.769 -4077.848 -4077.848 -4200.891 -4209.179
-4165.454 -4154.069 -4203.699 -4268.645 -4250.531
-4181.482 -4194.085 -4260.736 -4251.85 -4241.767
-4331.696 -4354.373 -4348.581 -4353.197 -4353.197
-4369.117 -4356.164 -4357.315 -4364.011 -4364.684
-4369.354 -4365.707 -4339.11 -4317.335 -4351.339
-4337.886 -4337.886 -4346.04 -4277.707 -4220.448
-4091.915 -3921.435 -4009.724 -4009.724 -4012.813
-4056.699 -4151.711 -4170.209 -4002.937 -3979.022
-3979.022 -3979.022 -3979.022 -3979.022 -3979.022
-3979.022 -3979.022 -3979.022 -3979.022 -3979.022
-3979.022 -3979.022 -3979.022 -3979.022 -3979.022
-3979.022 -3979.022 -3979.022 -3979.022 -3979.022
-3979.022 -3979.022 -3979.022 -3979.022 -3979.022
-3984.376 -4074.148 -4131.597 -4117.679 -4090.421
-4233.635 -4233.635 -4196.81 -4330.199 -4224.734
-4238.071 -4165.596 -4176.408 -4303.804 -4351.498
-4351.498 -4316.695 -4308.398 -4349.581 -4088.731
-4122.282 -4150.956 -4150.419 -4151.18 -4088.591
-4116.648 -4116.648 -4097.427 -4129.388 -4125.431
-4138.326 -4130.662 -4130.662 -4132.851 -4101.912
-4125.667 -4155.096 -4150.995 -4150.679 -4157.005
-4155.157 -4161.384 -4158.288 -4142.446 -4137.448
-4157.438 -4170.559 -4164.601 -4144.198 -4144.198
-4354.577 -4355.921 -4369.326 -4369.27 -4353.17
-4342.618 -4331.276 -4335.236 -4326.117 -4274.538
-4276.609 -4276.609 -4185.319 -4207.57 -4198.921
-4154.998 -4139.76 -4111.489 -4111.489 -4327.307
-4238.508 -4220.135 -4277.589 -4299.242 -4286.537
-4286.537 -4286.537 -4286.537 -4286.537 -4286.537
-4286.537 -4286.537 -4286.537 -4286.537 -4286.537
-4286.537 -4286.537 -4286.537 -4286.537 -4286.537
-4286.537 -4286.537 -4286.537 -4286.537 -4286.537
-4286.537 -4286.537 -4286.537 -4286.537 -4286.537
-4283.949 -4233.393 -4230.614 -4315.425 -4148.666
-4066.272 -4066.272 -4065.485 -4055.050 -4188.579
-4149.213 -4116.805 -4085.359 -3899.969 -3856.495
-3856.495 -4036.157 -4231.261 -4239.277 -4220.642
-4271.656 -4193.621 -4103.646 -4184.480 -4237.247
-4127.404 -4127.404 -4150.526 -4168.487 -3916.847
-3907.751 -3981.141 -3981.141 -4023.805 -4032.736
-4188.511 -3908.313 -3973.181 -3872.833 -3386.63
-3699.732 -3770.825 -3805.316 -3927.101 -3858.147
-3702.454 -3966.139 -3915.041 -3858.552 -3858.552
-3930.759 -4037.863 -4133.058 -4049.902 -3966.166
-3967.971 -4010.863 -4224.715 -4218.177 -4220.954
-4329.417 -4329.417 -4314.354 -4321.336 -4324.277
-4310.847 -4324.557 -4258.346 -4258.346 -4225.936
-4277.552 -4261.557 -4276.268 -4248.025 -4277.461
-4277.461 -4277.461 -4277.461 -4277.461 -4277.461
-4277.461 -4277.461 -4277.461 -4277.461 -4277.461
-4277.461 -4277.461 -4277.461 -4277.461 -4277.461
-4277.461 -4277.461 -4277.461 -4277.461 -4277.461
-4277.461 -4277.461 -4277.461 -4277.461 -4277.461
-4215.684 -4161.175 -4180.49 -4182.237 -4100.260
-3919.951 -3919.951 -3695.509 -3535.489 -3522.253
-3508.089 -3428.541 -3692.722 -3884.095 -3895.148
-3895.148 -3909.552 -4029.088 -4099.385 -4118.018
-4067.225 -4057.369 -3977.183 -3985.435 -3712.959
-3659.024 -3659.024 -3824.086 -3844.868 -4023.801
-3980.067 -4047.72 -4047.72 -4121.17 -3907.794
-3719.604 -3870.906 -3892.359 -3793.544 -3668.06
-4103.715 -4085.419 -4105.418 -3831.378 -3803.986
-3978.935 -4021.656 -4074.241 -4041.664 -4041.664
-4006.356 -4006.356 -3997.464 -4003.562 -4184.734
-4021.456 -3922.724 -3892.494 -3935.594 -3868.789
-4010.235 -4010.235 -3987.89 -3842.355 -4099.861
-4194.324 -4144.856 -4136.669 -4136.669 -4159.288
-4084.909 -3791.884 -3930.11 -3996.609 -4074.547
-4074.547 -4074.547 -4074.547 -4074.547 -4074.547
-4074.547 -4074.547 -4074.547 -4074.547 -4074.547
-4074.547 -4074.547 -4074.547 -4074.547 -4074.547
-4074.547 -4074.547 -4074.547 -4074.547 -4074.547
-4074.547 -4074.547 -4074.547 -4074.547 -4074.547
-3948.521 -4069.405 -4245.387 -4179.443 -4283.298
-4282.289 -4282.289 -4030.409 -4151.83 -4154.119
-4223.728 -4215.269 -4238.679 -4227.429 -3882.332
-3882.332 -3956.731 -3906.876 -3871.643 -3856.454
-3842.438 -3905.703 -3931.403 -3878.709 -3617.987
-3672.909 -3672.909 -3671.581 -4080.571 -3934.799
-4002.258 -4088.424 -4088.424 -4160.542 -3963.27
-3999.164 -3704.503 -3307.307 -3663.522 -3535.296
-4046.808 -3739.453 -3752.734 -3614.921 -3600.888
-3911.55 -3956.219 -3715.707 -3950.897 -3950.897
-3911.201 -3910.468 -3927.135 -3890.272 -3874.621
-3533.512 -3836.262 -3850.615 -3897.015 -3951.528
-3939.939 -3939.939 -3887.689 -3608.172 -3995.863
-4088.538 -4143.067 -3849.559 -3849.559 -3912.693
-3962.533 -3972.45 -4042.447 -3868.318 -3728.394
-3728.394 -3728.394 -3728.394 -3728.394 -3728.394
-3728.394 -3728.394 -3728.394 -3728.394 -3728.394
-3728.394 -3728.394 -3728.394 -3728.394 -3728.394
-3728.394 -3728.394 -3728.394 -3728.394 -3728.394
-3728.394 -3728.394 -3728.394 -3728.394 -3728.394
-4074.99 -4115.546 -3973.829 -4152.933 -4218.22
-4231.798 -4231.798 -4268.901 -4334.208 -4320.651
-4336.975 -4357.239 -4318.761 -4330.684 -4264.826
-4264.826 -4262.369 -4234.537 -4101.016 -3932.582
-3929.931 -4009.059 -3966.893 -3967.039 -3822.602
-3988.603 -3988.603 -3982.256 -3847.014 -3828.44
-3895.228 -3781.725 -3781.725 -3947.24 -3983.079
-3976.706 -4044.072 -3767.704 -3932.436 -3791.571
-3902.225 -3968.867 -4132.944 -4050.702 -4081.962
-4127.091 -3897.841 -3937.171 -3916.295 -3916.295
-3791.171 -4148.964 -3935.063 -3988.531 -3816.064
-3689.215 -3751.715 -3837.175 -3867.787 -3603.038
-3675.211 -3675.211 -3559.194 -4154.858 -4058.61
-4044.409 -4234.227 -4310.352 -4310.352 -4291.796
-4278.395 -4167.432 -4055.939 -3869.751 -3585.01
-3585.01 -3585.01 -3585.01 -3585.01 -3585.01
-3585.01 -3585.01 -3585.01 -3585.01 -3585.01
-3585.01 -3585.01 -3585.01 -3585.01 -3585.01
-3585.01 -3585.01 -3585.01 -3585.01 -3585.01
-3585.01 -3585.01 -3585.01 -3585.01 -3585.01
-3653.087 -3835.332 -3939.159 -4022.369 -4164.764
-4174.795 -4174.795 -4215.265 -4292.593 -4107.244
-4198.504 -4179.836 -4195.743 -4153.319 -4136.272
-4136.272 -4181.171 -3923.841 -4077.445 -3856.252
-3899.702 -3854.616 -3917.8 -3878.121 -3715.222
-3912.798 -3912.798 -4002.028 -4034.257 -4126.069
-4089.817 -3987.2 -3987.2 -3739.838 -3796.499
-3879.481 -3872.146 -4081.475 -3968.587 -3917.642
-4036.932 -3872.559 -3937.676 -3868.804 -3722.964
-3908.043 -3913.879 -3925.673 -4153.673 -4153.673
-4136.655 -3911.503 -4032.186 -4072.984 -3964.025
-4025.177 -4212.426 -4182.624 -4174.808 -4133.39
-4149.894 -4149.894 -4173.022 -4156.233 -4286.015
-4222.571 -4301.239 -4178.901 -4178.901 -4102.383
-3871.949 -3939.632 -3944.335 -3688.811 -3419.251
-3419.251 -3419.251 -3419.251 -3419.251 -3419.251
-3419.251 -3419.251 -3419.251 -3419.251 -3419.251
-3419.251 -3419.251 -3419.251 -3419.251 -3419.251
-3419.251 -3419.251 -3419.251 -3419.251 -3419.251
-3419.251 -3419.251 -3419.251 -3419.251 -3419.251
-3376.444 -3952.089 -4159.905 -4071.357 -4166.443
-4274.817 -4274.817 -4250.893 -4326.541 -4275.988
-4226.005 -4276.263 -4118.494 -4170.836 -3933.15
-3933.15 -3980.264 -3876.259 -4016.147 -3861.349
-3613.702 -3748.962 -4094.839 -4144.242 -4109.394
-4108.523 -4108.523 -4108.82 -3936.466 -3901.1
-3935.228 -4242.522 -4242.522 -4264.878 -4225.897
-4140.145 -4184.996 -4130.526 -3914.581 -3970.687
-3808.484 -4092.825 -4088.009 -4107.691 -4163.413
-4142.235 -4130.569 -4203.826 -4131.530 -4131.530
-4165.708 -4246.148 -4223.52 -4241.013 -4248.175
-4129.33 -4017.438 -4021.962 -4010.770 -4169.761
-4228.958 -4228.958 -4210.505 -4255.75 -4333.655
-4311.117 -4184.768 -4255.775 -4255.775 -4226.315
-4144.837 -3833.409 -3993.792 -3930.043 -4032.408
-4032.408 -4032.408 -4032.408 -4032.408 -4032.408
-4032.408 -4032.408 -4032.408 -4032.408 -4032.408
-4032.408 -4032.408 -4032.408 -4032.408 -4032.408
-4032.408 -4032.408 -4032.408 -4032.408 -4032.408
-4032.408 -4032.408 -4032.408 -4032.408 -4032.408
-4117.254 -4153.882 -4251.512 -4224.11 -4081.203
-4091.741 -4091.741 -3852.153 -3815.31 -3963.877
-3965.06 -4217.083 -4289.369 -4041.756 -4027.064
-4027.064 -4213.007 -4298.847 -4304.926 -4329.805
-4375.926 -4374.501 -4373.891 -4363.33 -4345.025
-4340.596 -4340.596 -4215.235 -4141.721 -3898.168
-3867.903 -3870.215 -3870.215 -3808.981 -4030.252
-4054.663 -4091.645 -4160.752 -4126.247 -4031.714
-3976.972 -4126.45 -4240.47 -4312.586 -4354.433
-4354.932 -4365.464 -4288.181 -4136.863 -4136.863
-4043.989 -4041.273 -4073.049 -4099.046 -4189.957
-4143.989 -4203.352 -4262.967 -4232.561 -3961.965
-3909.847 -3909.847 -3755.757 -3965.469 -3876.127
-3987.815 -3743.246 -3545.487 -3545.487 -3664.888
-3770.712 -3775.546 -3623.794 -3660.171 -3735.956
-3735.956 -3735.956 -3735.956 -3735.956 -3735.956
-3735.956 -3735.956 -3735.956 -3735.956 -3735.956
-3735.956 -3735.956 -3735.956 -3735.956 -3735.956
-3735.956 -3735.956 -3735.956 -3735.956 -3735.956
-3735.956 -3735.956 -3735.956 -3735.956 -3735.956
-3767.835 -4035.027 -3837.281 -3755.599 -3782.181
-3792.731 -3792.731 -3973.437 -4182.893 -4202.13
-4066.972 -4031.957 -4042.278 -3995.129 -3960.690
-3960.690 -4065.388 -4083.014 -4140.987 -4125.262
-4171.457 -4274.12 -4042.902 -3932.655 -3763.934
-3717.538 -3717.538 -3783.806 -3738.607 -4027.832
-4073.861 -4025.751 -4025.751 -4065.612 -4105.913
-4100.706 -3903.131 -4156.629 -4104.099 -4224.586
-4197.249 -4181.248 -4266.957 -4269.642 -4199.157
-4260.387 -4278.331 -4194.92 -4231.186 -4231.186
-4109.405 -4221.864 -4060.266 -3979.181 -4051.814
-4059.642 -4158.556 -4177.315 -4231.028 -4274.016
-4247.804 -4247.804 -4292.757 -4282.899 -4205.471
-4096.644 -4016.586 -4137.025 -4137.025 -4046.223
-4118.046 -4240.388 -4036.896 -4117.186 -4085.152
-4085.152 -4085.152 -4085.152 -4085.152 -4085.152
-4085.152 -4085.152 -4085.152 -4085.152 -4085.152
-4085.152 -4085.152 -4085.152 -4085.152 -4085.152
-4085.152 -4085.152 -4085.152 -4085.152 -4085.152
-4085.152 -4085.152 -4085.152 -4085.152 -4085.152
-4047.831 -3817.201 -3964.416 -3819.93 -3862.342
-3867.577 -3867.577 -4111.184 -4096.806 -4159.135
-4229.57 -4161.501 -4152.828 -4119.972 -4225.643
-4225.643 -4039.891 -4039.891 -4052.284 -4035.024
-4176.114 -4022.790 -4132.992 -4075.983 -4105.323
-4082.437 -4082.437 -3802.906 -3651.282 -3502.764
-3896.395 -3849.582 -3849.582 -3766.704 -3988.762
-3835.866 -3953.618 -3706.444 -3675.840 -3935.461
-3970.204 -3752.760 -3408.904 -3681.057 -3556.886
-3515.056 -3905.291 -3849.944 -3871.391 -3871.391
-3728.636 -3986.722 -3874.020 -4019.433 -4195.364
-4043.812 -4024.693 -4156.412 -4199.688 -4172.881
-4184.464 -4184.464 -4069.429 -3997.692 -3953.602
-4040.266 -4032.218 -3892.613 -3892.613 -4049.373
-3700.748 -3842.643 -4078.039 -4059.444 -3977.681
-3977.681 -3977.681 -3977.681 -3977.681 -3977.681
-3977.681 -3977.681 -3977.681 -3977.681 -3977.681
-3977.681 -3977.681 -3977.681 -3977.681 -3977.681
-3977.681 -3977.681 -3977.681 -3977.681 -3977.681
-3977.681 -3977.681 -3977.681 -3977.681 -3977.681
-4013.329 -4043.193 -4010.608 -3974.3 -3847.911
-4154.475 -4154.475 -4240.596 -4262.914 -4222.339
-4038.528 -3948.733 -4029.555 -4107.175 -4166.526
-4166.526 -4336.163 -4348.305 -4353.414 -4354.597
-4352.34 -4362.741 -4352.808 -4361.018 -4351.689
-4371.992 -4371.992 -4390.877 -4391.3 -4391.508
-4388.989 -4380.725 -4380.725 -4372.111 -4380.995
-4378.395 -4355.393 -4353.631 -4372.523 -4369.029
-4378.019 -4377.471 -4346.718 -4332.596 -4354.74
-4363.329 -4306.454 -4336.547 -4311.863 -4311.863
-4347.505 -4346.325 -4364.925 -4352.741 -4358.131
-4359.303 -4385.823 -4386.076 -4385.815 -4379.533
-4384.131 -4384.131 -4376.22 -4387.468 -4398.321
-4380.44 -4364.174 -4358.71 -4358.71 -4362.111
-4365.271 -4374.027 -4361.962 -4350.131 -4346.002
-4346.002 -4346.002 -4346.002 -4346.002 -4346.002
-4346.002 -4346.002 -4346.002 -4346.002 -4346.002
-4346.002 -4346.002 -4346.002 -4346.002 -4346.002
-4346.002 -4346.002 -4346.002 -4346.002 -4346.002
-4346.002 -4346.002 -4346.002 -4346.002 -4346.002
-4364.234 -4381.086 -4371.93 -4276.168 -4224.827
-4320.091 -4320.091 -4313.413 -4231.651 -4243.137
-4287.727 -4260.008 -4358.455 -4375.616 -4361.189
-4361.189 -4270.304 -4322.432 -4346.476 -4257.606
-4222.989 -4315.993 -4268.405 -4262.749 -4262.516
-4322.478 -4322.478 -4359.862 -4362.994 -4337.183
-4239.37 -4276.429 -4276.429 -4098.898 -3998.211
-4043.617 -4130.625 -4217.795 -4281.7 -4331.11
-4343.703 -4355.739 -4343.974 -4353.164 -4363.382
-4379.722 -4375.795 -4373.825 -4376.801 -4376.801
-4344.929 -4189.249 -4111.949 -4163.561 -4006.94
-4097.586 -3943.477 -3797.645 -3929.939 -4161.013
-4152.711 -4152.711 -4104.83 -4094.515 -4224.216
-4117.834 -4177.585 -4207.401 -4207.401 -4207.741
-4208.935 -4281.063 -4232.599 -4247.663 -4209.435
-4209.435 -4209.435 -4209.435 -4209.435 -4209.435
-4209.435 -4209.435 -4209.435 -4209.435 -4209.435
-4209.435 -4209.435 -4209.435 -4209.435 -4209.435
-4209.435 -4209.435 -4209.435 -4209.435 -4209.435
-4209.435 -4209.435 -4209.435 -4209.435 -4209.435
-4231.512 -4228.315 -4233.323 -4145.642 -4196.597
-4329.776 -4329.776 -4231.122 -4226.374 -4216.106
-4271.782 -4208.768 -4167.467 -4138.870 -4167.001
-4167.001 -4285.418 -4295.548 -4307.38 -4251.279
-4234.383 -4207.095 -4166.543 -4167.266 -4261.637
-4279.744 -4279.744 -4342.034 -4343.857 -4383.430
-4385.944 -4379.568 -4379.568 -4367.527 -4377.142
-4352.336 -4326.18 -4369.812 -4390.399 -4386.839
-4388.215 -4386.268 -4370.941 -4356.989 -4342.358
-4358.853 -4374.36 -4384.881 -4386.179 -4386.179
-4391.986 -4380.902 -4369.667 -4318.731 -4304.19
-4318.827 -4188 -4225.623 -4137.316 -4189.976
-4185.742 -4185.742 -4165.212 -4138.197 -4157.113
-4164.867 -4087.685 -4070.783 -4070.783 -4100.168
-4170.673 -4187.697 -4044.922 -4094.217 -3971.414
-3971.414 -3971.414 -3971.414 -3971.414 -3971.414
-3971.414 -3971.414 -3971.414 -3971.414 -3971.414
-3971.414 -3971.414 -3971.414 -3971.414 -3971.414
-3971.414 -3971.414 -3971.414 -3971.414 -3971.414
-3971.414 -3971.414 -3971.414 -3971.414 -3971.414
-4023.954 -4088.584 -4290.08 -4315.241 -4345.21
-4371.085 -4371.085 -4374.81 -4369.732 -4312.600
-4326.189 -4327.622 -4348.947 -4284.472 -4354.59
-4354.59 -4370.74 -4360.386 -4347.019 -4345.228
-4268.745 -4133.998 -4240.467 -4254.757 -4210.741
-4245.365 -4245.365 -4119.747 -4006.772 -4082.441
-4014.212 -4158.331 -4158.331 -4071.31 -3899.726
-4042.682 -4146.512 -4209.333 -3926.173 -3736.592
-3301.985 -3402.724 -3387.491 -3363.929 -3667.217
-4001.112 -4128.98 -3965.163 -4043.662 -4043.662
-4106.812 -3848.634 -3969.858 -4047.883 -4081.212
-4238.341 -4187.699 -3957.233 -3917.633 -3923.641
-4103.925 -4103.925 -3749.177 -3544.708 -3721.128
-4046.992 -3998.145 -4030.435 -4030.435 -4170.41
-4020.152 -4137.861 -4120.718 -4167.299 -3999.793
-3999.793 -3999.793 -3999.793 -3999.793 -3999.793
-3999.793 -3999.793 -3999.793 -3999.793 -3999.793
-3999.793 -3999.793 -3999.793 -3999.793 -3999.793
-3999.793 -3999.793 -3999.793 -3999.793 -3999.793
-3999.793 -3999.793 -3999.793 -3999.793 -3999.793
-3830.171 -3704.41 -3815.704 -3772.751 -4134.974
-4054.463 -4054.463 -4076.327 -3915.02 -4195.662
-4137.529 -4135.29 -4110.2 -4218.361 -4196.947
-4196.947 -4241.334 -4215.148 -4289.181 -4201.239
-4216.698 -4275.877 -4239.297 -4218.717 -4099.898
-4177.988 -4177.988 -3995.168 -4148.187 -3732.05
-3823.259 -3940.621 -3940.621 -4121.694 -4129.057
-4077.683 -4225.154 -4231.334 -4212.414 -4186.356
-4224.289 -4268.563 -4225.154 -4228.715 -4152.667
-4043.664 -4049.54 -3853.289 -3733.73 -3733.73
-3645.089 -3692.392 -3865.991 -3999.346 -4012.716
-3903.41 -4025.383 -3716.618 -3623.264 -3762.259
-3963.730 -3963.730 -4019.946 -4082.888 -4126.440
-4171.243 -4234.868 -4083.315 -4083.315 -4067.658
-4194.028 -4139.774 -4212.372 -4114.072 -4009.677
-4009.677 -4009.677 -4009.677 -4009.677 -4009.677
-4009.677 -4009.677 -4009.677 -4009.677 -4009.677
-4009.677 -4009.677 -4009.677 -4009.677 -4009.677
-4009.677 -4009.677 -4009.677 -4009.677 -4009.677
-4009.677 -4009.677 -4009.677 -4009.677 -4009.677
-3792.22 -3926.323 -3803.723 -3940.238 -3856.766
-3858.938 -3858.938 -3568.469 -3867.951 -3924.338
-4183.781 -4070.783 -3955.446 -3966.080 -3948.354
-3948.354 -4183.305 -4178.594 -4318.483 -4260.973
-4100.231 -4075.227 -4271.378 -4250.432 -4245.538
-4350.251 -4350.251 -4339.485 -4365.815 -4369.62
-4370.099 -4337.222 -4337.222 -4347.165 -4364.416
-4383.81 -4375.276 -4353.423 -4375.335 -4341.33
-4346.801 -4344.313 -4336.494 -4304.114 -4232.717
-4308.579 -4354.773 -4325.998 -4340.064 -4340.064
-4351.636 -4344.127 -4323.2 -4255.092 -4255.794
-4228.025 -4274.595 -4307.87 -4302.901 -4179.457
-3874.951 -3874.951 -3941.565 -4003.751 -3862.618
-3889.96 -3807.795 -3711.267 -3711.267 -3850.273
-3969.184 -4014.375 -3806.620 -3937.494 -3775.627
-3775.627 -3775.627 -3775.627 -3775.627 -3775.627
-3775.627 -3775.627 -3775.627 -3775.627 -3775.627
-3775.627 -3775.627 -3775.627 -3775.627 -3775.627
-3775.627 -3775.627 -3775.627 -3775.627 -3775.627
-3775.627 -3775.627 -3775.627 -3775.627 -3775.627
-3914.660 -3788.92 -3875.178 -3958.645 -4073.137
-3556.001 -3556.001 -3668.830 -3585.887 -3508.267
-3172.102 -3252.707 -3322.71 -3449.693 -3249.967
-3249.967 -3284.123 -3227.358 -3322.724 -3866.659
-3936.935 -3959.53 -3948.8 -3754.327 -3819.738
-3891.216 -3891.216 -3890.951 -3879.075 -3934.397
-3896.914 -3896.092 -3896.092 -3922.953 -3874.980
-4012.645 -3860.729 -3965.584 -3947.28 -4007.721
-4001.392 -4000.746 -4031.222 -4096.894 -4143.427
-4051.074 -4013.432 -4089.417 -4163.162 -4163.162
-4181.51 -4215.185 -4233.497 -4249.164 -4335.354
-4336.661 -4304.105 -4261.658 -4204.176 -4216.117
-4232.769 -4232.769 -4310.430 -4340.203 -4349.681
-4359.797 -4322.332 -4324.440 -4324.440 -4313.747
-4335.358 -4261.543 -4253.902 -4240.086 -4320.836
-4320.836 -4320.836 -4320.836 -4320.836 -4320.836
-4320.836 -4320.836 -4320.836 -4320.836 -4320.836
-4320.836 -4320.836 -4320.836 -4320.836 -4320.836
-4320.836 -4320.836 -4320.836 -4320.836 -4320.836
-4320.836 -4320.836 -4320.836 -4320.836 -4320.836
-4282.836 -4226.631 -4211.169 -4210.45 -4079.664
-4084.97 -4084.97 -4228.701 -4299.31 -4196.917
-4014.107 -3923.025 -3908.793 -4169.023 -4013.183
-4013.183 -4078.611 -4179.209 -4236.024 -4032.382
-4224.08 -4186.541 -4187.911 -4250.253 -4235.002
-4300.984 -4300.984 -4325.890 -4258.251 -4226.919
-4100.808 -3993.99 -3993.99 -3869.297 -3880.733
-3923.867 -3828.681 -3817.4 -3776.619 -3845.139
-4078.736 -4026.708 -4009.690 -4138.054 -3963.188
-3903.145 -3845.17 -3908.184 -3978.138 -3978.138
-3953.593 -3879.485 -3982.14 -3793.032 -3684.027
-3912.974 -3824.528 -3940.765 -3759.157 -3746.247
-3924.003 -3924.003 -3965.778 -4102.434 -3943.548
-3853.126 -3575.084 -3022.219 -3022.219 -3060.642
-2960.974 -3455.389 -3388.15 -3255.981 -3916.852
-3916.852 -3916.852 -3916.852 -3916.852 -3916.852
-3916.852 -3916.852 -3916.852 -3916.852 -3916.852
-3916.852 -3916.852 -3916.852 -3916.852 -3916.852
-3916.852 -3916.852 -3916.852 -3916.852 -3916.852
-3916.852 -3916.852 -3916.852 -3916.852 -3916.852
-3488.677 -3271.344 -3407.392 -3563.125 -3676.384
-3916.498 -3916.498 -3903.689 -4031.869 -3942.631
-4162.967 -4048.071 -3990.85 -4141.693 -3729.432
-3729.432 -3586.915 -3439.658 -3289.891 -3323.208
-3675.891 -3824.283 -3643.147 -3451.598 -3387.924
-3784.73 -3784.73 -3606.951 -3707.748 -3536.674
-3876.071 -3920.767 -3920.767 -3674.782 -3722.582
-3818.122 -3968.868 -3929.4 -3970.318 -4000.596
-4003.025 -3823.724 -4003.22 -3957.716 -3991.189
-4136.197 -3766.636 -3924.222 -4066.598 -4066.598
-4081.41 -4096.364 -4147.411 -4147.859 -4196.143
-4236.436 -4199.036 -4245.039 -4077.842 -4008.64
-3886.389 -3886.389 -3973.368 -3819.174 -3865.558
-3808.549 -3985.290 -3916.118 -3916.118 -3881.007
-3789.638 -3824.609 -3677.258 -3699.885 -3707.402
-3707.402 -3707.402 -3707.402 -3707.402 -3707.402
-3707.402 -3707.402 -3707.402 -3707.402 -3707.402
-3707.402 -3707.402 -3707.402 -3707.402 -3707.402
-3707.402 -3707.402 -3707.402 -3707.402 -3707.402
-3707.402 -3707.402 -3707.402 -3707.402 -3707.402
-3717.91 -4003.719 -4000.884 -3985.781 -4027.468
-4008.746 -4008.746 -3949.604 -3930.528 -3987.781
-4026.905 -4138.904 -4230.51 -4311.781 -4320.796
-4320.796 -4339.992 -4274.021 -4283.991 -4259.767
-4291.895 -4325.027 -4301.402 -4293.045 -4294.139
-4265.667 -4265.667 -4216.861 -4249.264 -4271.557
-4272.254 -4258.418 -4258.418 -4273.155 -4329.581
-4308.855 -4341.827 -4340.465 -4325.431 -4349.151
-4364.017 -4247.604 -4259.443 -4342.597 -4322.28
-4305.154 -4276.521 -4142.308 -4239.205 -4239.205
-4273.467 -4277.327 -4237.644 -4170.257 -3964.278
-4024.077 -4180.36 -4125.315 -4063.576 -4020.033
-4077.618 -4077.618 -4023.358 -4110.264 -4094.701
-4193.580 -4261.681 -4248.911 -4248.911 -4072.595
-4067.364 -4175.177 -4179.745 -4058.705 -4002.592
-4002.592 -4002.592 -4002.592 -4002.592 -4002.592
-4002.592 -4002.592 -4002.592 -4002.592 -4002.592
-4002.592 -4002.592 -4002.592 -4002.592 -4002.592
-4002.592 -4002.592 -4002.592 -4002.592 -4002.592
-4002.592 -4002.592 -4002.592 -4002.592 -4002.592
-4131.274 -3994.555 -4051.408 -4207.982 -4209.738
-3933.232 -3933.232 -3951.15 -3999.021 -4247.436
-4248.559 -4173.532 -4339.986 -4239.667 -4265.486
-4265.486 -4271.699 -4342.139 -4354.54 -4369.201
-4356.121 -4333.719 -4282.29 -4185.298 -4287.05
-4183.323 -4183.323 -4151.449 -4112.62 -4111.842
-4193.628 -4262.332 -4262.332 -4275.552 -4273.887
-4263.729 -4258.978 -4286.616 -4357.128 -4335.009
-4323.398 -4218.945 -4140.257 -4267.525 -4221.581
-4107.34 -4251.994 -4246.151 -4295.894 -4295.894
-4267.942 -4295.753 -4206.683 -4205.825 -4183.4
-4140.125 -4143.709 -4254.177 -4249.206 -4295.777
-4281.399 -4281.399 -4160.539 -4064.533 -4079.55
-4049.511 -4234.306 -4293.923 -4293.923 -4348.67
-4337.596 -4357.451 -4368.328 -4302.499 -4324.742
-4324.742 -4324.742 -4324.742 -4324.742 -4324.742
-4324.742 -4324.742 -4324.742 -4324.742 -4324.742
-4324.742 -4324.742 -4324.742 -4324.742 -4324.742
-4324.742 -4324.742 -4324.742 -4324.742 -4324.742
-4324.742 -4324.742 -4324.742 -4324.742 -4324.742
-4241.063 -4247.545 -4242.197 -4302.196 -4321.077
-4351.91 -4351.91 -4311.748 -4254.069 -4274.527
-4276.896 -4318.846 -4345.865 -4275.423 -4316.357
-4316.357 -4283.251 -4272.783 -4275.935 -4297.261
-4342.157 -4335.189 -4307.418 -4320.728 -4290.458
-4328.251 -4328.251 -4194.724 -4278.108 -4322.772
-4298.706 -4160.933 -4160.933 -4056.397 -4132.789
-3969.133 -3850.569 -3843.605 -3820.404 -4122.766
-4133.419 -4264.787 -3966.376 -4042.181 -4055.517
-3922.89 -3783.769 -3773.662 -3755.059 -3755.059
-3802.937 -3946.861 -3942.659 -4085.603 -3957.179
-3863.487 -3886.770 -3919.326 -3947.408 -3946.185
-3861.479 -3861.479 -3736.206 -3847.432 -3957.737
-3958.403 -4046.733 -4126.315 -4126.315 -4136.829
-4195.18 -3906.829 -4103.948 -4083.703 -4036.500
-4036.500 -4036.500 -4036.500 -4036.500 -4036.500
-4036.500 -4036.500 -4036.500 -4036.500 -4036.500
-4036.500 -4036.500 -4036.500 -4036.500 -4036.500
-4036.500 -4036.500 -4036.500 -4036.500 -4036.500
-4036.500 -4036.500 -4036.500 -4036.500 -4036.500
-4016.783 -4015.128 -4072.226 -4071.579 -4172.822
-4099.457 -4099.457 -4014.975 -4093.081 -4196.481
-4255.08 -4270.87 -4234.221 -4222.494 -4121.973
-4121.973 -4123.65 -3913.563 -4175.198 -4227.806
-4177.596 -4157.029 -4207.521 -4077.872 -3913.018
-4003.278 -4003.278 -3957.508 -3810.272 -3811.842
-3838.955 -3896.299 -3896.299 -3915.813 -3799.422
-3690.972 -3733.139 -3615.968 -3615.968 -3559.855
-3613.619 -3819.148 -3843.333 -3825.542 -3793.243
-4025.644 -3680.906 -3721.382 -3712.683 -3712.683
-3956.228 -3964.761 -3810.029 -3516.663 -3660.039
-3757.451 -4025.292 -3922.784 -3859.36 -3531.482
-3739.344 -3739.344 -3895.058 -4082.374 -4059.318
-4075.21 -4154.813 -4209.081 -4209.081 -4312.628
-4373.173 -4321.968 -4345.898 -4363.813 -4343.556
-4343.556 -4343.556 -4343.556 -4343.556 -4343.556
-4343.556 -4343.556 -4343.556 -4343.556 -4343.556
-4343.556 -4343.556 -4343.556 -4343.556 -4343.556
-4343.556 -4343.556 -4343.556 -4343.556 -4343.556
-4343.556 -4343.556 -4343.556 -4343.556 -4343.556
-4366.214 -4375.556 -4371.734 -4377.99 -4396.870
-4388.931 -4388.931 -4395.581 -4403.687 -4403.165
-4404.925 -4404.226 -4402.284 -4399.195 -4386.139
-4386.139 -4376.672 -4378.692 -4362.168 -4302.552
-4229.002 -4290.254 -4286.107 -4317.205 -4252.484
-4186.577 -4186.577 -4147.034 -4135.421 -4116.736
-4179.533 -4135.755 -4135.755 -4053.192 -4097.802
-4054.368 -4050.891 -4066.571 -3916.978 -4075.713
-4218.880 -4249.73 -4197.18 -4140.187 -4078.705
-3886.25 -3869.096 -3998.235 -4242.494 -4242.494
-4251.813 -4134.803 -4061.748 -4235.891 -4036.376
-3793.903 -4103.752 -3835.267 -4169.979 -3970.120
-4028.304 -4028.304 -4099.242 -4035.978 -4057.134
-3841.584 -4090.872 -4134.268 -4134.268 -4057.669
-4090.569 -4045.788 -4099.087 -4050.903 -4043.742
-4043.742 -4043.742 -4043.742 -4043.742 -4043.742
-4043.742 -4043.742 -4043.742 -4043.742 -4043.742
-4043.742 -4043.742 -4043.742 -4043.742 -4043.742
-4043.742 -4043.742 -4043.742 -4043.742 -4043.742
-4043.742 -4043.742 -4043.742 -4043.742 -4043.742
-4102.65 -4222.898 -4165.733 -4247.569 -4245.848
-4205.390 -4205.390 -4230.153 -4151.519 -4140.408
-4257.004 -4260.241 -4240.952 -4196.559 -4283.479
-4283.479 -4311.238 -4324.138 -4351.378 -4318.257
-4296.826 -4255.67 -4267.404 -4246.72 -4185
-4225.595 -4225.595 -3958.817 -3822.785 -3809.484
-3833.400 -3799.901 -3799.901 -3685.312 -3701.734
-3914.598 -3764.877 -3702.609 -3831.376 -3831.376
-3719.817 -3796.6 -3862.781 -4019.583 -4147.255
-3843.187 -3677.174 -3721.306 -4067.681 -4067.681
-4056.687 -4064.736 -3980.829 -4061.804 -3910.453
-3766.358 -3692.98 -3707.416 -4120.147 -4020.252
-4099.2 -4099.2 -4133.794 -4091.369 -4167.641
-3997.771 -4101.897 -4177.071 -4177.071 -4258.734
-4258.023 -4237.26 -4259.71 -4095.455 -4173.893
-4173.893 -4173.893 -4173.893 -4173.893 -4173.893
-4173.893 -4173.893 -4173.893 -4173.893 -4173.893
-4173.893 -4173.893 -4173.893 -4173.893 -4173.893
-4173.893 -4173.893 -4173.893 -4173.893 -4173.893
-4173.893 -4173.893 -4173.893 -4173.893 -4173.893
-4242.306 -4135.088 -3780.652 -3745.557 -3946.418
-3947.747 -3947.747 -3991.531 -4062.898 -3956.149
-3866.428 -3762.082 -3804.935 -3989.754 -3895.634
-3895.634 -4056.728 -4121.571 -4051.188 -3899.718
-4011.092 -4120.051 -4184.944 -4038.279 -4148.472
-4238.771 -4238.771 -4301.949 -4309.844 -4234.887
-4233.016 -4256.283 -4256.283 -4254.32 -4251.942
-4288.976 -4285.785 -4264.809 -4259.156 -3963.24
-4255.48 -4220.178 -4255.482 -4075.294 -4168.364
-4185.111 -4149.581 -4200.482 -4030.25 -4030.25
-4151.332 -4129.769 -4187.149 -4238.179 -4189.965
-4140.692 -4143.385 -4087.605 -4082.850 -4006.161
-3992.399 -3992.399 -4018.707 -4079.782 -4026.658
-4034.798 -4090.276 -4206.015 -4206.015 -4262.764
-4203.415 -4302.525 -4229.026 -3889.699 -4008.194
-4008.194 -4008.194 -4008.194 -4008.194 -4008.194
-4008.194 -4008.194 -4008.194 -4008.194 -4008.194
-4008.194 -4008.194 -4008.194 -4008.194 -4008.194
-4008.194 -4008.194 -4008.194 -4008.194 -4008.194
-4008.194 -4008.194 -4008.194 -4008.194 -4008.194
-3865.597 -4119.973 -4295.855 -4270.934 -4310.244
-4235.01 -4235.01 -4266.769 -4354.813 -4387.46
-4375.172 -4378.936 -4392.792 -4392.657 -4397.327
-4397.327 -4381.899 -4364.548 -4354.561 -4381.041
-4370.871 -4361.828 -4312.951 -4317.621 -4283.389
-4307.964 -4307.964 -4296.878 -4299.996 -4275.780
-3979.767 -3992.468 -3992.468 -3992.487 -4043.67
-4055.829 -4140.274 -4049.788 -3845.465 -3935.175
-4135.412 -4156.57 -4143.953 -4112.955 -4179.527
-4071.833 -4080.401 -4243.323 -4159.644 -4159.644
-3807.128 -3802.681 -3895.931 -3783.927 -3598.460
-3663.495 -3542.295 -3959.373 -3979.371 -4151.72
-4218.685 -4218.685 -4295.291 -4341.819 -4372.117
-4374.017 -4392.773 -4386.353 -4386.353 -4386.697
-4391.462 -4400.666 -4399.546 -4396.392 -4401.298
-4401.298 -4401.298 -4401.298 -4401.298 -4401.298
-4401.298 -4401.298 -4401.298 -4401.298 -4401.298
-4401.298 -4401.298 -4401.298 -4401.298 -4401.298
-4401.298 -4401.298 -4401.298 -4401.298 -4401.298
-4401.298 -4401.298 -4401.298 -4401.298 -4401.298
-4394.646 -4388.334 -4389.536 -4399.592 -4401.206
-4402.018 -4402.018 -4397.479 -4383.312 -4369.452
-4367.648 -4372.739 -4348.224 -4347.339 -4335.321
-4335.321 -4283.678 -4302.87 -4324.691 -4330.795
-4274.129 -4136.737 -4121.351 -4058.439 -4090.510
-4001.713 -4001.713 -4166.951 -4047.666 -4077.206
-4140.936 -4205.216 -4205.216 -4131.885 -4011.545
-4072.78 -3987.612 -3972.416 -3925.241 -3907.025
-3904.043 -3951.312 -3911.609 -3768.489 -3716.955
-3866.948 -3868.684 -3795.035 -3866.024 -3866.024
-4063.208 -3532.06 -3477.088 -3584.645 -3598.238
-3647.498 -3861.587 -3826.471 -3855.993 -3877.954
-4069.405 -4069.405 -4035.995 -4054.36 -3945.518
-3964.857 -4195.583 -3951.16 -3951.16 -4094.632
-4177.052 -4170.375 -4123.85 -4067.808 -4119.754
-4119.754 -4119.754 -4119.754 -4119.754 -4119.754
-4119.754 -4119.754 -4119.754 -4119.754 -4119.754
-4119.754 -4119.754 -4119.754 -4119.754 -4119.754
-4119.754 -4119.754 -4119.754 -4119.754 -4119.754
-4119.754 -4119.754 -4119.754 -4119.754 -4119.754
-4066.763 -3997.701 -4217.448 -4196.644 -4282.174
-4190.563 -4190.563 -4041.422 -4061.957 -4173.639
-4177.276 -4119.934 -4117.764 -3962.137 -3939.604
-3939.604 -3982.077 -3736.153 -3942.224 -3877.416
-4027.445 -3831.32 -4114.428 -4027.542 -3952.564
-4029.501 -4029.501 -4058.6 -4185.114 -4171.827
-4168.549 -4300.238 -4300.238 -4113.519 -3981.556
-3815.473 -3779.784 -3858.616 -3668.919 -3760.854
-3985.076 -3961.285 -4014.616 -4049.328 -4210.481
-4187.938 -3933.776 -3913.46 -3912.742 -3912.742
-3847.803 -3841.847 -3847.039 -3981.396 -4222.381
-4139.536 -3954.054 -3806.414 -3825.858 -3913.869
-3984.377 -3984.377 -4010.937 -4002.095 -3997.440
-3829.689 -3830.318 -3827.364 -3827.364 -3664.525
-3760.577 -3792.553 -3819.474 -3747.709 -3948.171
-3948.171 -3948.171 -3948.171 -3948.171 -3948.171
-3948.171 -3948.171 -3948.171 -3948.171 -3948.171
-3948.171 -3948.171 -3948.171 -3948.171 -3948.171
-3948.171 -3948.171 -3948.171 -3948.171 -3948.171
-3948.171 -3948.171 -3948.171 -3948.171 -3948.171
-4038.281 -4085.555 -4187.228 -4177.131 -4304.27
-4310.934 -4310.934 -4317.599 -4296.503 -4243.163
-4303.258 -4258.518 -4269.399 -4209.582 -4180.637
-4180.637 -3912.808 -4060.560 -3903.042 -3996.143
-3748.274 -3777.825 -3996.014 -4162.46 -4072.942
-3896.598 -3896.598 -3969.105 -3932.131 -3838.066
-3487.536 -3570.656 -3570.656 -3757.630 -3575.873
-3557.301 -3634.466 -3680.868 -3784.149 -3687.353
-3619.837 -3848.58 -3881.472 -3632.734 -3670.659
-3388.248 -3941.843 -3915.636 -4220.546 -4220.546
-4140.061 -3776.885 -3516.833 -3358.305 -3312.781
-3737.883 -3400.668 -3253.209 -3181.432 -3492.103
-3738.174 -3738.174 -3570.7 -3723.076 -3834.159
-3852.105 -3974.569 -3955.702 -3955.702 -4099.413
-4114.67 -4013.4 -3946.247 -3926.603 -3995.427
-3995.427 -3995.427 -3995.427 -3995.427 -3995.427
-3995.427 -3995.427 -3995.427 -3995.427 -3995.427
-3995.427 -3995.427 -3995.427 -3995.427 -3995.427
-3995.427 -3995.427 -3995.427 -3995.427 -3995.427
-3995.427 -3995.427 -3995.427 -3995.427 -3995.427
-3958.654 -3962.894 -4113.626 -3943.202 -4001.023
-4062.368 -4062.368 -3869.095 -3791.771 -3933.029
-3801.873 -3943.149 -3743.034 -3581.532 -4279.676
-4279.676 -4257.353 -4289.694 -4232.386 -4235.713
-4215.551 -4243.119 -4108.119 -4115.296 -3936.666
-4031.246 -4031.246 -4094.242 -4148.418 -4046.531
-4084.944 -4004.371 -4004.371 -3897.057 -4225.496
-4222.126 -4275.53 -4260.619 -4329.036 -4328.355
-4339.913 -4351.52 -4350.75 -4348.204 -4332.545
-4311.348 -4296.752 -4181.881 -4119.951 -4119.951
-4151.998 -4090.192 -4047.151 -3978.965 -3750.660
-3721.463 -3822.364 -3744.546 -3928.237 -3918.623
-3879.493 -3879.493 -4009.925 -3874.148 -3894.797
-4012.392 -3951.088 -3953.158 -3953.158 -4123.017
-3901.815 -3849.193 -3672.305 -3511.638 -3614.344
-3614.344 -3614.344 -3614.344 -3614.344 -3614.344
-3614.344 -3614.344 -3614.344 -3614.344 -3614.344
-3614.344 -3614.344 -3614.344 -3614.344 -3614.344
-3614.344 -3614.344 -3614.344 -3614.344 -3614.344
-3614.344 -3614.344 -3614.344 -3614.344 -3614.344
-3571.732 -3878.799 -4112.065 -4137.996 -4114.024
-4174.326 -4174.326 -4118.434 -4191.296 -4230.947
-4293.608 -4314.93 -4316.431 -4297.289 -4294.618
-4294.618 -4234.436 -4259.336 -4171.581 -4240.423
-4123.41 -4142.992 -4140.69 -4172.388 -4095.898
-3968.817 -3968.817 -3933.145 -3769.91 -3914.377
-3731.06 -3856.617 -3856.617 -4164.328 -4215.457
-4206.49 -4137.067 -4153.005 -4059.834 -4115.16
-3819.192 -4140.241 -3791.395 -3899.911 -3879.532
-3868.423 -3935.963 -4160.495 -4120.274 -4120.274
-4112.657 -4082.234 -4109.455 -4129.732 -4145.245
-4198.592 -4164.545 -4248.695 -4173.202 -4251.501
-4272.769 -4272.769 -4283.110 -4335.767 -4352.285
-4353.465 -4359.41 -4353.115 -4353.115 -4351.189
-4343.86 -4237.345 -4288.846 -4379.646 -4383.636
-4383.636 -4383.636 -4383.636 -4383.636 -4383.636
-4383.636 -4383.636 -4383.636 -4383.636 -4383.636
-4383.636 -4383.636 -4383.636 -4383.636 -4383.636
-4383.636 -4383.636 -4383.636 -4383.636 -4383.636
-4383.636 -4383.636 -4383.636 -4383.636 -4383.636
-4385.652 -4388.008 -4381.732 -4375.537 -4382.551
-4375.983 -4375.983 -4387.173 -4387.438 -4388.823
-4388.02 -4386.411 -4380.466 -4386.888 -4387.316
-4387.316 -4379.811 -4373.328 -4390.362 -4387.168
-4384.468 -4359.57 -4374.685 -4381.33 -4384.732
-4385.952 -4385.952 -4372.092 -4366.817 -4360.66
-4335.074 -4369.023 -4369.023 -4352.654 -4294.001
-4307.696 -4314.859 -4239.391 -4281.01 -4103.965
-3953.308 -3944.860 -3908.562 -4005.418 -4009.380
-3948.343 -4164.45 -4115.287 -4017.046 -4017.046
-4129.964 -4128.394 -4230.154 -4238.378 -4207.217
-4157.400 -4162.146 -3994.594 -4103.715 -4031.235
-4104.614 -4104.614 -4192.814 -4169.05 -4036.334
-4119.503 -4126.199 -3819.516 -3819.516 -3789.51
-3845.643 -3912.482 -3904.639 -3857.159 -3880.85
-3880.85 -3880.85 -3880.85 -3880.85 -3880.85
-3880.85 -3880.85 -3880.85 -3880.85 -3880.85
-3880.85 -3880.85 -3880.85 -3880.85 -3880.85
-3880.85 -3880.85 -3880.85 -3880.85 -3880.85
-3880.85 -3880.85 -3880.85 -3880.85 -3880.85
-3994.649 -3713.071 -3707.006 -3872.738 -3872.738
-3697.274 -3697.274 -3043.823 -3751.783 -3359.09
-3122.129 -3189.813 -3279.307 -3798.333 -3957.222
-3957.222 -3918.106 -4049.239 -4029.501 -4105.411
-4172.18 -4152.757 -4171.791 -3959.007 -4071.024
-4036 -4036 -4045.815 -3800.363 -3829.737
-3892.987 -3958.741 -3958.741 -3872.549 -3816.464
-4050.98 -4181.288 -4265.457 -4205.21 -4265.558
-4226.458 -4219.182 -4229.816 -4281.305 -4334.989
-4284.859 -4268.903 -4201.81 -4216.266 -4216.266
-4262.713 -4335.982 -4349.321 -4352.617 -4339.95
-4365.936 -4376.68 -4361.784 -4349.245 -4348.553
-4357.842 -4357.842 -4365.956 -4365.914 -4380.798
-4384.95 -4383.643 -4379.64 -4379.64 -4362.388
-4290.212 -4330.259 -4308.615 -4337.547 -4327.189
-4327.189 -4327.189 -4327.189 -4327.189 -4327.189
-4327.189 -4327.189 -4327.189 -4327.189 -4327.189
-4327.189 -4327.189 -4327.189 -4327.189 -4327.189
-4327.189 -4327.189 -4327.189 -4327.189 -4327.189
-4327.189 -4327.189 -4327.189 -4327.189 -4327.189
-4276.756 -4260.037 -4257.932 -4313.983 -4278.261
-4292.130 -4292.130 -4307.849 -4317.258 -4264.843
-4272.651 -4174.485 -4143.731 -4077.410 -4126.22
-4126.22 -4087.105 -4204.207 -4219.277 -4042.08
-4248.272 -4238.77 -4260.486 -4291.686 -4292.703
-4265.072 -4265.072 -4269.919 -4208.934 -4236.056
-4141.867 -4267.542 -4267.542 -4249.868 -4096.059
-4076.035 -3914.114 -3927.348 -4005.72 -4125.37
-4092.65 -4044.608 -4090.136 -4101.872 -4244.058
-4242.515 -4267.663 -4324.333 -4250.612 -4250.612
-4240.177 -4229.902 -4248.655 -4273.625 -4135.988
-4084.952 -4190.110 -4126.062 -4085.007 -4169.696
-3967.983 -3967.983 -3761.158 -3556.178 -3497.315
-3510.81 -3626.042 -4054.206 -4054.206 -4020.092
-4027.582 -3923.734 -4013.827 -4216.558 -4100.429
-4100.429 -4100.429 -4100.429 -4100.429 -4100.429
-4100.429 -4100.429 -4100.429 -4100.429 -4100.429
-4100.429 -4100.429 -4100.429 -4100.429 -4100.429
-4100.429 -4100.429 -4100.429 -4100.429 -4100.429
-4100.429 -4100.429 -4100.429 -4100.429 -4100.429
-4179.095 -4010.004 -4002.066 -4013.869 -3971.138
-4208.065 -4208.065 -4216.475 -4163.244 -4040.455
-4077.361 -4118.198 -4131.336 -4114.164 -4162.401
-4162.401 -4112.903 -4092.550 -3859.794 -3687.291
-3927.294 -3780.502 -4043.847 -3815.589 -3936.127
-3854.022 -3854.022 -3680.541 -3749.27 -3754.954
-3834.203 -3588.743 -3588.743 -3727.328 -4330.358
-4275.675 -4276.945 -4325.259 -4286.602 -4255.323
-4286.295 -4284.565 -4297.334 -4281.318 -4284.407
-4183.087 -4128.704 -4242.234 -4248.473 -4248.473
-4217.194 -4190.287 -4189.238 -4187.219 -4105.161
-4075.873 -4193.888 -4091.135 -4130.561 -4204.547
-4280.157 -4280.157 -4235.51 -4224.461 -4064.2
-4204.564 -4238.366 -3653.843 -3653.843 -3675.777
-3878.673 -4086.691 -3789.684 -3833.333 -3710.327
-3710.327 -3710.327 -3710.327 -3710.327 -3710.327
-3710.327 -3710.327 -3710.327 -3710.327 -3710.327
-3710.327 -3710.327 -3710.327 -3710.327 -3710.327
-3710.327 -3710.327 -3710.327 -3710.327 -3710.327
-3710.327 -3710.327 -3710.327 -3710.327 -3710.327
-3782.901 -3736.561 -3819.844 -3955.4 -4066.284
-4018.187 -4018.187 -3653.984 -4050.839 -4031.403
-3996.501 -4124.808 -4228.743 -4207.714 -4128.883
-4128.883 -4139.616 -4216.131 -4027.721 -4257.708
-4339.607 -4370.581 -4379.063 -4376.018 -4333.723
-4336.786 -4336.786 -4361.576 -4341.525 -4306.832
-4289.182 -4298.399 -4298.399 -4287.197 -4205.276
-4183.433 -4094.337 -4198.766 -4122.359 -4247.766
-4145.139 -4177.405 -4254.654 -4205.438 -4242.468
-4297.515 -4334.812 -4298.433 -4318.838 -4318.838
-4295.907 -4303.334 -4310.617 -4276.535 -4280.276
-4270.226 -4157.952 -4084.682 -3661.897 -3633.902
-3872.21 -3872.21 -3847.527 -3825.139 -4079.099
-4070.351 -4160.227 -4274.47 -4274.47 -4263.009
-4294.320 -4326.05 -4331.014 -4288.19 -4280.836
-4280.836 -4280.836 -4280.836 -4280.836 -4280.836
-4280.836 -4280.836 -4280.836 -4280.836 -4280.836
-4280.836 -4280.836 -4280.836 -4280.836 -4280.836
-4280.836 -4280.836 -4280.836 -4280.836 -4280.836
-4280.836 -4280.836 -4280.836 -4280.836 -4280.836
-3993.340 -3880.63 -3954.132 -3921.262 -3994.34
-4004.445 -4004.445 -4105.864 -4033.126 -4033.097
-4087.372 -4256.595 -4199.259 -4315.706 -4260.504
-4260.504 -4266.110 -4263.137 -4252.861 -4277.694
-4242.994 -4104.227 -4294.236 -4299.690 -4337.398
-4351.752 -4351.752 -4334.65 -4360.269 -4378.408
-4346.129 -4350.336 -4350.336 -4364.391 -4359.376
-4358.492 -4371.471 -4372.649 -4345.648 -4353.829
-4355.567 -4342.909 -4340.252 -4300.808 -4158.48
-4205.213 -4225.166 -4190.564 -4260.999 -4260.999
-4228.195 -4208.923 -4182.567 -4116.327 -4220.095
-4267.971 -4249.274 -4171.927 -4219.121 -4209.852
-4141.69 -4141.69 -4160.105 -4158.707 -4198.987
-4068.845 -3995.444 -4187.205 -4187.205 -4034.487
-4008.288 -3848.003 -4068.105 -4030.839 -4007.81
-4007.81 -4007.81 -4007.81 -4007.81 -4007.81
-4007.81 -4007.81 -4007.81 -4007.81 -4007.81
-4007.81 -4007.81 -4007.81 -4007.81 -4007.81
-4007.81 -4007.81 -4007.81 -4007.81 -4007.81
-4007.81 -4007.81 -4007.81 -4007.81 -4007.81
-3943.571 -4033.839 -3998.91 -3904.123 -4142.378
-4039.467 -4039.467 -3899.839 -3950.21 -3987.224
-3978.865 -4011.412 -4123.963 -4061.597 -4170.897
-4170.897 -4207.803 -4120.637 -3951.223 -3853.869
-3904.39 -3905.867 -3942.04 -4026.088 -3878.612
-4065.098 -4065.098 -3776.23 -3389.95 -4013.517
-3967.619 -4007.589 -4007.589 -4018.417 -4044.242
-4214.661 -4147.612 -3990.884 -3971.641 -3789.147
-3578.077 -3334.214 -3446.823 -3644.923 -3932.326
-3908.793 -3789.222 -3669.791 -3663.342 -3663.342
-3795.022 -3833.015 -3738.754 -3652.132 -3876.237
-4080.299 -3823.836 -3738.524 -4098.736 -3756.147
-3760.376 -3760.376 -3698.139 -3616.715 -3656.686
-3509.27 -3411.458 -3663.801 -3663.801 -3854.919
-4160.119 -4249.934 -4250.85 -4217.990 -4003.954
-4003.954 -4003.954 -4003.954 -4003.954 -4003.954
-4003.954 -4003.954 -4003.954 -4003.954 -4003.954
-4003.954 -4003.954 -4003.954 -4003.954 -4003.954
-4003.954 -4003.954 -4003.954 -4003.954 -4003.954
-4003.954 -4003.954 -4003.954 -4003.954 -4003.954
-4038.245 -3682.959 -3853.459 -3895.931 -4019.601
-4121.106 -4121.106 -3797.444 -3802.755 -3902.137
-3959.902 -4015.015 -3731.558 -3885.084 -3754.956
-3754.956 -3758.276 -3753.106 -3716.066 -3702.046
-4015.490 -3746.947 -3722.737 -3856.570 -3615.985
-3810.910 -3810.910 -3817.354 -3809.056 -3816.518
-4105.047 -3847.013 -3847.013 -3930.35 -3987.7
-4041.722 -3993.601 -4138.033 -4105.082 -4092.250
-3953.457 -3953.37 -3863.044 -3958.950 -3960.580
-4047.462 -3893.2 -3829.313 -3840.93 -3840.93
-3919.185 -3733.484 -3879.9 -4171.515 -4216.501
-4043.723 -4244.803 -4014.344 -3660.347 -3732.721
-3783.393 -3783.393 -4080.607 -4211.202 -4262.601
-4284.723 -4346.126 -4307.734 -4307.734 -4205.849
-4172.934 -4189.627 -4182.323 -4139.677 -4157.093
-4157.093 -4157.093 -4157.093 -4157.093 -4157.093
-4157.093 -4157.093 -4157.093 -4157.093 -4157.093
-4157.093 -4157.093 -4157.093 -4157.093 -4157.093
-4157.093 -4157.093 -4157.093 -4157.093 -4157.093
-4157.093 -4157.093 -4157.093 -4157.093 -4157.093
-4211.445 -3921.484 -3951.107 -4116.591 -4113.477
-4152.702 -4152.702 -4163.24 -4147.678 -4070.001
-4249.192 -4118.911 -4009.18 -4035.907 -4040.804
-4040.804 -4100.792 -4185.567 -4272.901 -4297.36
-4362.357 -4324.496 -4368.219 -4364.776 -4348.719
-4323.343 -4323.343 -4333.927 -4358.606 -4370.976
-4374.805 -4377.017 -4377.017 -4377.28 -4384.853
-4386.813 -4380.77 -4384.911 -4380.234 -4370.149
-4379.838 -4380.396 -4377.235 -4358.21 -4360.323
-4343.273 -4352.063 -4313.54 -4038.4 -4038.4
-4105.49 -4223.72 -4114.972 -4160.407 -4215.267
-4280.452 -4313.55 -4312.566 -4321.039 -4343.165
-4354.626 -4354.626 -4355.476 -4355.872 -4355.365
-4317.958 -4313.874 -4356.852 -4356.852 -4352.016
-4338.334 -4349.78 -4331.055 -4258.007 -4131.261
-4131.261 -4131.261 -4131.261 -4131.261 -4131.261
-4131.261 -4131.261 -4131.261 -4131.261 -4131.261
-4131.261 -4131.261 -4131.261 -4131.261 -4131.261
-4131.261 -4131.261 -4131.261 -4131.261 -4131.261
-4131.261 -4131.261 -4131.261 -4131.261 -4131.261
-4026.892 -4013.905 -4021.690 -4020.795 -3868.32
-4110.21 -4110.21 -4264.706 -4223.653 -4234.805
-4308.734 -4288.306 -4325.177 -4281.749 -4186.731
-4186.731 -4112.982 -4148.314 -4233.463 -4323.681
-4336.226 -4319.748 -4375.15 -4376.354 -4385.837
-4383.426 -4383.426 -4377.782 -4351.093 -4345.954
-4253.448 -4245.435 -4245.435 -4236.9 -4217.831
-4055.878 -4147.518 -4126.629 -4239.673 -4147.471
-4120.73 -3966.867 -3994.648 -3662.592 -3597.576
-3613.579 -3570.715 -3680.734 -3619.586 -3619.586
-3697.829 -3576.409 -3581.532 -3211.752 -3591.244
-3685.72 -3752.036 -3932.210 -3955.044 -3941.599
-3923.992 -3923.992 -3798.132 -3760.243 -3954.944
-3895.170 -3888.726 -3530.025 -3530.025 -3977.813
-3638.195 -3435.957 -3374.197 -3480.268 -3526.866
-3526.866 -3526.866 -3526.866 -3526.866 -3526.866
-3526.866 -3526.866 -3526.866 -3526.866 -3526.866
-3526.866 -3526.866 -3526.866 -3526.866 -3526.866
-3526.866 -3526.866 -3526.866 -3526.866 -3526.866
-3526.866 -3526.866 -3526.866 -3526.866 -3526.866
-3587.959 -3531.02 -3714.341 -3850.608 -3796.946
-4000.365 -4000.365 -3986.31 -4029.39 -4040.664
-3850.526 -3895.934 -3933.131 -3643.37 -3669.311
-3669.311 -3554.216 -3415.661 -3664.96 -4056.336
-3963.699 -4090.205 -4150.056 -4043.557 -3932.395
-4070.98 -4070.98 -3939.128 -3670.789 -3682.898
-3328.279 -3834.114 -3834.114 -4102.938 -3790.442
-3955.847 -4149.741 -4270.199 -4263.279 -4148.495
-4107.305 -4153.111 -4244.18 -4267.118 -4048.507
-4000.475 -3777.115 -3632.743 -3970.914 -3970.914
-4352.623 -4342.656 -4363.556 -4373.261 -4389.902
-4379.831 -4388.254 -4393.474 -4394.739 -4397.278
-4385.935 -4385.935 -4363.836 -4350.59 -4355.599
-4366.469 -4382.85 -4377.19 -4377.19 -4369.13
-4326.991 -4350.328 -4328.509 -4234.935 -4139.404
-4139.404 -4139.404 -4139.404 -4139.404 -4139.404
-4139.404 -4139.404 -4139.404 -4139.404 -4139.404
-4139.404 -4139.404 -4139.404 -4139.404 -4139.404
-4139.404 -4139.404 -4139.404 -4139.404 -4139.404
-4139.404 -4139.404 -4139.404 -4139.404 -4139.404
-4217.352 -4240.159 -4296.025 -4289.757 -4312.045
-4253.821 -4253.821 -4270.081 -4268.361 -4191.071
-4150.368 -4228.52 -4115.831 -4099.815 -4138.985
-4138.985 -4171.027 -4203.308 -4203.023 -3999.780
-3988.613 -4230.771 -4285.213 -4182.507 -4238.319
-4201.944 -4201.944 -4019.836 -3745.773 -3663.93
-3759.032 -3917.24 -3917.24 -3931.149 -3992.928
-3957.061 -3984.198 -3943.611 -4012.052 -4170.767
-4177.185 -4200.03 -4216.104 -4243.323 -4245.315
-4123.972 -4120.889 -4013.393 -3977.509 -3977.509
-3845.865 -3845.635 -4031.035 -4009.793 -4054.955
-4054.955 -4055.177 -3892.464 -3708.599 -3717.459
-3352.733 -3352.733 -3352.998 -3300.163 -3339.154
-3459.106 -3361.137 -4083.189 -4083.189 -4158.724
-3987.018 -4022.599 -4185.145 -4270.15 -4283.11
-4283.11 -4283.11 -4283.11 -4283.11 -4283.11
-4283.11 -4283.11 -4283.11 -4283.11 -4283.11
-4283.11 -4283.11 -4283.11 -4283.11 -4283.11
-4283.11 -4283.11 -4283.11 -4283.11 -4283.11
-4283.11 -4283.11 -4283.11 -4283.11 -4283.11
-4233.7 -4166.387 -4179.401 -4228.428 -4266.782
-4187.757 -4187.757 -4154.998 -4225.903 -4256.592
-4249.481 -3972.199 -3969.457 -3829.282 -3865.582
-3865.582 -3832.435 -3809.150 -3704.949 -3691.128
-3646.167 -3677.206 -3732.136 -3658.024 -3819.039
-3831.434 -3831.434 -3800.767 -3496.158 -3595.076
-3684.745 -3706.623 -3706.623 -3589.375 -3882.319
-4027.877 -3989.776 -4063.595 -3772.644 -3852.504
-3783.08 -3881.207 -3881.942 -3782.637 -3859.157
-3551.869 -3412.313 -3319.257 -3195.663 -3195.663
-3040.355 -3115.079 -2958.434 -3362.891 -3381.755
-3437.729 -3456.927 -3419.204 -3226.84 -3410.630
-3510.66 -3510.66 -3451.349 -3441.687 -3325.992
-3784.102 -3898.558 -3993.677 -3993.677 -3961.028
-4152.907 -4125.366 -4111.841 -4163.486 -3853.679
-3853.679 -3853.679 -3853.679 -3853.679 -3853.679
-3853.679 -3853.679 -3853.679 -3853.679 -3853.679
-3853.679 -3853.679 -3853.679 -3853.679 -3853.679
-3853.679 -3853.679 -3853.679 -3853.679 -3853.679
-3853.679 -3853.679 -3853.679 -3853.679 -3853.679
-3913.888 -4077.658 -4028.299 -3954.021 -4220.207
-4041.054 -4041.054 -3960.123 -3950.373 -4043.886
-4273.688 -4247.429 -4117.185 -4119.057 -4222.906
-4222.906 -4323.159 -4387.01 -4375.655 -4377.842
-4387.018 -4385.516 -4390.155 -4395.554 -4397.26
-4334.597 -4334.597 -4326.895 -4319.456 -4343.064
-4343.612 -4354.965 -4354.965 -4360.8 -4342.314
-4348.793 -4340.454 -4367.578 -4352.669 -4243.968
-4336.054 -4332.542 -4356.309 -4369.855 -4384.275
-4392.968 -4395.469 -4378.924 -4387.386 -4387.386
-4362.799 -4363.639 -4336.845 -4350.614 -4319.031
-4370.179 -4367.179 -4347.301 -4352.812 -4277.493
-4222.789 -4222.789 -4084.205 -3976.747 -4121.201
-4226.082 -4151.558 -3983.69 -3983.69 -3934.310
-3941.3 -3902.211 -3968.003 -3928.904 -4019.412
-4019.412 -4019.412 -4019.412 -4019.412 -4019.412
-4019.412 -4019.412 -4019.412 -4019.412 -4019.412
-4019.412 -4019.412 -4019.412 -4019.412 -4019.412
-4019.412 -4019.412 -4019.412 -4019.412 -4019.412
-4019.412 -4019.412 -4019.412 -4019.412 -4019.412
-3703.199 -3986.434 -3954.585 -4087.655 -3792.149
-3797.337 -3797.337 -3850.873 -3967.76 -4120.147
-4113.289 -4117.084 -3927.751 -3926.903 -3920.004
-3920.004 -3839.352 -3761.85 -4036.844 -3994.311
-4141.228 -3665.696 -3664.127 -3681.021 -3572.756
-3575.159 -3575.159 -3509.088 -3839.387 -4090.897
-4271.741 -4311.678 -4311.678 -4339.46 -4345.291
-4239.184 -4193.796 -4225.609 -4144.465 -4265.231
-4186.824 -4182.352 -4311.661 -4318.568 -4310.455
-4342.01 -4347.393 -4355.026 -4359.583 -4359.583
-4346.843 -4334.855 -4341.764 -4307.879 -4326.1
-4333.497 -4336.819 -4362.959 -4361.618 -4363.265
-4369.103 -4369.103 -4294.823 -4269.986 -4022.013
-3958.880 -3960.592 -4044.601 -4044.601 -3984.331
-3989.548 -4033.067 -4053.932 -3921.808 -4038.866
-4038.866 -4038.866 -4038.866 -4038.866 -4038.866
-4038.866 -4038.866 -4038.866 -4038.866 -4038.866
-4038.866 -4038.866 -4038.866 -4038.866 -4038.866
-4038.866 -4038.866 -4038.866 -4038.866 -4038.866
-4038.866 -4038.866 -4038.866 -4038.866 -4038.866
-4012.136 -4028.952 -4001.25 -3991.062 -4036.693
-4059.647 -4059.647 -3920.855 -3815.309 -3879.794
-4077.393 -4182.028 -4284.501 -4313.292 -4322.377
-4322.377 -4297.96 -4045.264 -4193.074 -4271.654
-4133.989 -4192.862 -4170.367 -4238.854 -4273.07
-4103.439 -4103.439 -4004.859 -4070.774 -4076.802
-3859.174 -3908.111 -3908.111 -4130.721 -4165.34
-4096.489 -3951.807 -4051.883 -3870.366 -3896.077
-3992.058 -4068.901 -4091.965 -4338.959 -4346.93
-4366.567 -4373.7 -4362.841 -4364.127 -4364.127
-4369.838 -4364.174 -4368.674 -4362.24 -4362.218
-4344.696 -4344.925 -4353.496 -4361.026 -4356.827
-4361.606 -4361.606 -4358.477 -4340.417 -4358.702
-4350.542 -4341.055 -4352.744 -4352.744 -4369.588
-4366.195 -4370.888 -4374.17 -4381.676 -4383.761
-4383.761 -4383.761 -4383.761 -4383.761 -4383.761
-4383.761 -4383.761 -4383.761 -4383.761 -4383.761
-4383.761 -4383.761 -4383.761 -4383.761 -4383.761
-4383.761 -4383.761 -4383.761 -4383.761 -4383.761
-4383.761 -4383.761 -4383.761 -4383.761 -4383.761
-4368.839 -4359.928 -4354.324 -4329.567 -4329.09
-4276.42 -4276.42 -4315.953 -4350.695 -4362.647
-4357.701 -4346.357 -4323.215 -4352.213 -4359.212
-4359.212 -4366.908 -4371.444 -4355.523 -4315.62
-4328.961 -4189.31 -4136.559 -4054.018 -3851.448
-3802.691 -3802.691 -3921.543 -4030.409 -4047.498
-4054.729 -3974.945 -3974.945 -4187.23 -4280.407
-4305.586 -4279.794 -4227.701 -4311.204 -4325.102
-4271.369 -4266.443 -4304.614 -4284.678 -4241.766
-4273.351 -4237.199 -4257.034 -4124.491 -4124.491
-4089.454 -4046.394 -4170.933 -4191.306 -4091.169
-4063.785 -3795.343 -3935.605 -3999.935 -3850.679
-3929.355 -3929.355 -4053.686 -3813.879 -3798.337
-3952.825 -3920.46 -4046.81 -4046.81 -4097.363
-4094.692 -4201.908 -3950.623 -3821.845 -3794.576
-3794.576 -3794.576 -3794.576 -3794.576 -3794.576
-3794.576 -3794.576 -3794.576 -3794.576 -3794.576
-3794.576 -3794.576 -3794.576 -3794.576 -3794.576
-3794.576 -3794.576 -3794.576 -3794.576 -3794.576
-3794.576 -3794.576 -3794.576 -3794.576 -3794.576
-4039.581 -3785.839 -3905.711 -3758.781 -3706.525
-3911.865 -3911.865 -3882.92 -3957.975 -3850.747
-3897.625 -4113.717 -4251.038 -4262.831 -4222.965
-4222.965 -4212.142 -4246.916 -4105.096 -4030.094
-4034.083 -4092.776 -4153.341 -4131.997 -4026.565
-4122.841 -4122.841 -4266.007 -4255.323 -4251.643
-4180.7 -4146.893 -4146.893 -4155.002 -3934.244
-3815.165 -3645.139 -3606.593 -3734.585 -3628.667
-3860.116 -3782.442 -3678.539 -4013.724 -3871.933
-3948.185 -3965.174 -3957.257 -3860.089 -3860.089
-4067.295 -4200.361 -4211.064 -4272.005 -4252.461
-4228.309 -4276.232 -4314.271 -4272.414 -4137.809
-4121.219 -4121.219 -4176.112 -4108.097 -4171.81
-3906.132 -4158.415 -4220.473 -4220.473 -4233.845
-4345.264 -4338.166 -4313.915 -4026.779 -3890.396
-3890.396 -3890.396 -3890.396 -3890.396 -3890.396
-3890.396 -3890.396 -3890.396 -3890.396 -3890.396
-3890.396 -3890.396 -3890.396 -3890.396 -3890.396
-3890.396 -3890.396 -3890.396 -3890.396 -3890.396
-3890.396 -3890.396 -3890.396 -3890.396 -3890.396
-3865.572 -4052.158 -3794.683 -3785.488 -3899.449
-3985.456 -3985.456 -3941.35 -3931.065 -3624.444
-3867.718 -3950.487 -4006.193 -3981.776 -3982.217
-3982.217 -3998.988 -4029.647 -4283.973 -4275.582
-4273.498 -4225.088 -4200.359 -4058.76 -4105.581
-4058.681 -4058.681 -4149.946 -4147.976 -3941.273
-4148.059 -4238.62 -4238.62 -4266.015 -4121.277
-4007.185 -4070.659 -4126.059 -4075.064 -4082.374
-4115.178 -4216.199 -4217.873 -4136.329 -4028.960
-4071.322 -4030.8 -4148.105 -4196.317 -4196.317
-4042.202 -3777.447 -3589.774 -3593.097 -3709.288
-3546.752 -3226.273 -3489.303 -4053.432 -4098.182
-4187.478 -4187.478 -4188.526 -4129.253 -4116.96
-4267.405 -4176.753 -4166.05 -4166.05 -4238.255
-4319.253 -4352.95 -4322.862 -4291.31 -4284.227
-4284.227 -4284.227 -4284.227 -4284.227 -4284.227
-4284.227 -4284.227 -4284.227 -4284.227 -4284.227
-4284.227 -4284.227 -4284.227 -4284.227 -4284.227
-4284.227 -4284.227 -4284.227 -4284.227 -4284.227
-4284.227 -4284.227 -4284.227 -4284.227 -4284.227
-4314.445 -4327.316 -4309.936 -4301.227 -4209.08
-4213.367 -4213.367 -4186.292 -4254.138 -4136.440
-4198.636 -4165.194 -3922.675 -3898.504 -4033.151
-4033.151 -4017.385 -3770.118 -3816.94 -3951.527
-3690.030 -3869.981 -3833.819 -4099.546 -4116.603
-4030.942 -4030.942 -4013.414 -4164.399 -4023.519
-3892.922 -3848.230 -3848.230 -3968.559 -3786.327
-3865.208 -3862.206 -4170.639 -4284.781 -4304.184
-4329.382 -4338.647 -4309.111 -4309.187 -4331.801
-4349.001 -4320.511 -4328.912 -4315.627 -4315.627
-4264.585 -4295.085 -4332.889 -4344.451 -4354.67
-4346.114 -4357.697 -4347.479 -4365.115 -4344.961
-4368.127 -4368.127 -4379.522 -4361.651 -4345.258
-4365.490 -4359.979 -4377.785 -4377.785 -4376.294
-4355.113 -4340.34 -4360.852 -4365.806 -4335.172
-4335.172 -4335.172 -4335.172 -4335.172 -4335.172
-4335.172 -4335.172 -4335.172 -4335.172 -4335.172
-4335.172 -4335.172 -4335.172 -4335.172 -4335.172
-4335.172 -4335.172 -4335.172 -4335.172 -4335.172
-4335.172 -4335.172 -4335.172 -4335.172 -4335.172
-4350.389 -4366.228 -4359.604 -4359.201 -4366.529
-4356.776 -4356.776 -4355.073 -4321.243 -4312.925
-4267.176 -4248.093 -4279.499 -4295.935 -4108.131
-4108.131 -3673.201 -3935.672 -3862.535 -4102.738
-4139.795 -4136.064 -4255.541 -4035.061 -3968.124
-3946.839 -3946.839 -4211.413 -4348.829 -4366.229
-4371.427 -4375.812 -4375.812 -4386.527 -4388.643
-4393.484 -4394.171 -4389.528 -4386.74 -4360.374
-4352.994 -4354.595 -4367.219 -4383.645 -4380.702
-4382.419 -4391.2 -4376.896 -4334.315 -4334.315
-4302.128 -4308.012 -4269.39 -4304.344 -4347.164
-4364.708 -4354.815 -4361.799 -4344.138 -4270.293
-4280.395 -4280.395 -4033.716 -3958.433 -3977.977
-4073.273 -4088.82 -4260.035 -4260.035 -4197.544
-4233.585 -4198.017 -4157.563 -4223.846 -4261.614
-4261.614 -4261.614 -4261.614 -4261.614 -4261.614
-4261.614 -4261.614 -4261.614 -4261.614 -4261.614
-4261.614 -4261.614 -4261.614 -4261.614 -4261.614
-4261.614 -4261.614 -4261.614 -4261.614 -4261.614
-4261.614 -4261.614 -4261.614 -4261.614 -4261.614
-4299.486 -4320.225 -4336.282 -4316.557 -4348.915
-4355.578 -4355.578 -4357.889 -4352.962 -4366.632
-4267.352 -4286.488 -4353.102 -4322.039 -4357.871
-4357.871 -4345.159 -4259.187 -4262.965 -4310.6
-4316.35 -4211.848 -4182.695 -4266.358 -4324.587
-4179.324 -4179.324 -4267.974 -4271.718 -4238.686
-4339.381 -4343.832 -4343.832 -4329.463 -4301.855
-4311.691 -4323.61 -4284.657 -4280.179 -4295.589
-4283.794 -4269.104 -4280.562 -4315.685 -4358.521
-4296.273 -4305.638 -4349.062 -4332.636 -4332.636
-4298.016 -4302.951 -4292.256 -4155.29 -4120.789
-4142.067 -4148.545 -4163.07 -4277.054 -4311.301
-4361.08 -4361.08 -4341.149 -4369.556 -4377.862
-4389.159 -4399.417 -4386.684 -4386.684 -4389.373
-4396.972 -4395.426 -4396.078 -4395.906 -4402.65
-4402.65 -4402.65 -4402.65 -4402.65 -4402.65
-4402.65 -4402.65 -4402.65 -4402.65 -4402.65
-4402.65 -4402.65 -4402.65 -4402.65 -4402.65
-4402.65 -4402.65 -4402.65 -4402.65 -4402.65
-4402.65 -4402.65 -4402.65 -4402.65 -4402.65
-4398.895 -4401.267 -4395.939 -4369.238 -4381.26
-4394.966 -4394.966 -4391.665 -4391.991 -4373.265
-4387.384 -4392.006 -4395.457 -4388.242 -4393.541
-4393.541 -4390.815 -4369.229 -4366.334 -4384.568
-4373.255 -4369.713 -4364.506 -4379.4 -4396.727
-4401.563 -4401.563 -4400.915 -4401.474 -4396.136
-4401.761 -4398.652 -4398.652 -4396.578 -4401.659
-4397.171 -4386.325 -4400.403 -4397.401 -4402.102
-4399.971 -4387.724 -4395.673 -4378.459 -4382.867
-4381.033 -4380.252 -4381.987 -4382.26 -4382.26
-4380.053 -4369.316 -4389.663 -4396.329 -4401.512
-4400.585 -4401.505 -4395.021 -4394.468 -4385.811
-4354.272 -4354.272 -4368.446 -4352.502 -4377.480
-4372.564 -4378.951 -4386.747 -4386.747 -4395.564
-4395.691 -4394.618 -4388.758 -4371.723 -4372.01
-4372.01 -4372.01 -4372.01 -4372.01 -4372.01
-4372.01 -4372.01 -4372.01 -4372.01 -4372.01
-4372.01 -4372.01 -4372.01 -4372.01 -4372.01
-4372.01 -4372.01 -4372.01 -4372.01 -4372.01
-4372.01 -4372.01 -4372.01 -4372.01 -4372.01
-4381.79 -4390.784 -4392.211 -4386.809 -4386.684
-4384.344 -4384.344 -4386.360 -4373.643 -4367.191
-4378.375 -4362.926 -4370.86 -4377.091 -4386.448
-4386.448 -4381.208 -4381.907 -4369.324 -4335.231
-4159.195 -4175.959 -4132.665 -4134.041 -4131.916
-4294.53 -4294.53 -4195.232 -4195.512 -4090.95
-4003.933 -4004.372 -4004.372 -3998.213 -4099.368
-4166.463 -4249.022 -4264.701 -4320.032 -4234.58
-4315.933 -4301.333 -4340.488 -4355.285 -4358.412
-4346.548 -4328.241 -4295.451 -4245.941 -4245.941
-4296.035 -4333.033 -4329.224 -4347.716 -4305.028
-4273.920 -4225.95 -4328.388 -4340.616 -4359.259
-4358.571 -4358.571 -4383.626 -4357.454 -4341.409
-4259.408 -4284.525 -4274.832 -4274.832 -4326.131
-4336.796 -4248.079 -4330.516 -4321.354 -4370.518
-4370.518 -4370.518 -4370.518 -4370.518 -4370.518
-4370.518 -4370.518 -4370.518 -4370.518 -4370.518
-4370.518 -4370.518 -4370.518 -4370.518 -4370.518
-4370.518 -4370.518 -4370.518 -4370.518 -4370.518
-4370.518 -4370.518 -4370.518 -4370.518 -4370.518
-4346.318 -4366.544 -4330.215 -4327.657 -4281.72
-4351.477 -4351.477 -4360.214 -4363.854 -4342.916
-4215.827 -4217.059 -4274.126 -4291.337 -4329.386
-4329.386 -4327.09 -4325.079 -4310.6 -4289.686
-4124.891 -4262.453 -4257.734 -4295.633 -4317.801
-4361.818 -4361.818 -4379.604 -4393.834 -4396.856
-4392.951 -4385.593 -4385.593 -4384.355 -4389.963
-4368.865 -4369.802 -4339.63 -4350.508 -4298.487
-4305.929 -4362.786 -4381.967 -4390.026 -4396.539
-4395.262 -4385.222 -4379.727 -4391.617 -4391.617
-4390.136 -4401.604 -4388.952 -4388.253 -4396.397
-4398.744 -4391.337 -4393.667 -4385.06 -4361.007
-4366.021 -4366.021 -4371.385 -4371.845 -4364.351
-4366.641 -4386.8 -4385.624 -4385.624 -4393.784
-4397.417 -4388.359 -4380.837 -4368.823 -4361.99
-4361.99 -4361.99 -4361.99 -4361.99 -4361.99
-4361.99 -4361.99 -4361.99 -4361.99 -4361.99
-4361.99 -4361.99 -4361.99 -4361.99 -4361.99
-4361.99 -4361.99 -4361.99 -4361.99 -4361.99
-4361.99 -4361.99 -4361.99 -4361.99 -4361.99
-4349.614 -4318.821 -4333.269 -4364.853 -4359.454
-4347.632 -4347.632 -4347.810 -4356.206 -4350.987
-4362.77 -4285.988 -4298.021 -4236.379 -4152.55
-4152.55 -3949.88 -3915.068 -3906.387 -3923.363
-3923.363 -3860.762 -3924.43 -4098.378 -3948.918
-3908.271 -3908.271 -4091.06 -3962.905 -4193.770
-4311.817 -4322.05 -4322.05 -4286.88 -4206.694
-4055.034 -4123.85 -4068.073 -4026.128 -4131.136
-4285.107 -4220.961 -4025.289 -4018.677 -4079.619
-4111.962 -4088.537 -3976.26 -3817.89 -3817.89
-3811.301 -4000.955 -4006.28 -4177.392 -3960.765
-4078.478 -4079.258 -4076.64 -4034.71 -3950.709
-4133.843 -4133.843 -4116.954 -3808.222 -4014.045
-4203.392 -4161.897 -4178.253 -4178.253 -4093.422
-4151.595 -4055.027 -4099.684 -3990.672 -3902.375
-3902.375 -3902.375 -3902.375 -3902.375 -3902.375
-3902.375 -3902.375 -3902.375 -3902.375 -3902.375
-3902.375 -3902.375 -3902.375 -3902.375 -3902.375
-3902.375 -3902.375 -3902.375 -3902.375 -3902.375
-3902.375 -3902.375 -3902.375 -3902.375 -3902.375
-4000.021 -3769.142 -3882.668 -3928.570 -3800.306
-3915.317 -3915.317 -3804.018 -3822.488 -3861.274
-3852.308 -3751.440 -3985.481 -4006.717 -4099.56
-4099.56 -4101.288 -4064.038 -4154.657 -4156.663
-4200.535 -3956.578 -4085.179 -3714.685 -3851.716
-3835.842 -3835.842 -4172.374 -4183.024 -4196.159
-4039.171 -4076.749 -4076.749 -3897.4 -3933.133
-3782.287 -4086.199 -4116.818 -4181.34 -4128.715
-4149.721 -4069.637 -4139.122 -4149.548 -4035.115
-4039.439 -4152.644 -4116.573 -3881.2 -3881.2
-4060.398 -3928.868 -3743.769 -3718.597 -3932.817
-3921.409 -3880.004 -3844.819 -3645.976 -3642.275
-3640.24 -3640.24 -3816.031 -3828.098 -3664.775
-3891.942 -3734.976 -3772.492 -3772.492 -3751.326
-3950.534 -3709.237 -3682.7 -3771.625 -3767.103
-3767.103 -3767.103 -3767.103 -3767.103 -3767.103
-3767.103 -3767.103 -3767.103 -3767.103 -3767.103
-3767.103 -3767.103 -3767.103 -3767.103 -3767.103
-3767.103 -3767.103 -3767.103 -3767.103 -3767.103
-3767.103 -3767.103 -3767.103 -3767.103 -3767.103
-3721.024 -4047.954 -4093.888 -3903.747 -3893.256
-3562.882 -3562.882 -3611.193 -3493.254 -3145.255
-3387.599 -3400.145 -3607.271 -3969.387 -3947.811
-3947.811 -3655.942 -3960.326 -3977.41 -4074.006
-4118.24 -4149.909 -4117.688 -4201.297 -4000.563
-4082.897 -4082.897 -4201.649 -3800.276 -3944.682
-3884.749 -3955.541 -3955.541 -3876.324 -3803.132
-3949.067 -3956.95 -4088.379 -4065.772 -4095.548
-3980.361 -3879.298 -3841.255 -3788.437 -3871.983
-3783.771 -3953.812 -4101.885 -4162.091 -4162.091
-4220.392 -4303.668 -4205.644 -4156.282 -4243.034
-4258.835 -4295.807 -4298.718 -4272.87 -4262.874
-4205.029 -4205.029 -4214.341 -4266.514 -4286.264
-4239.753 -4301.653 -4202.983 -4202.983 -4210.966
-4255.004 -4244.507 -4173.585 -4257.076 -4292.68
-4292.68 -4292.68 -4292.68 -4292.68 -4292.68
-4292.68 -4292.68 -4292.68 -4292.68 -4292.68
-4292.68 -4292.68 -4292.68 -4292.68 -4292.68
-4292.68 -4292.68 -4292.68 -4292.68 -4292.68
-4292.68 -4292.68 -4292.68 -4292.68 -4292.68
-4270.504 -4191.002 -4181.628 -4191.955 -3949.749
-4046.912 -4046.912 -4162.843 -4189.849 -4176.531
-4199.129 -4080.636 -4066.495 -4057.887 -4083.394
-4083.394 -4178.862 -4212.695 -4258.668 -4135.208
-4094.503 -4157.865 -4149.081 -4190.232 -4275.699
-4222.205 -4222.205 -4242.478 -4281.106 -4243.71
-4237.495 -4119.467 -4119.467 -4132.486 -4295.917
-4295.883 -4303.432 -4188.765 -4287.307 -4280.315
-4110.983 -4184.923 -4189.856 -4151.695 -4070.208
-4148.593 -4217.091 -4208.633 -3995.275 -3995.275
-3780.456 -3739.517 -3622.063 -3914.246 -3845.572
-3903.428 -3879.445 -3769.542 -3728.504 -3718.504
-3696.358 -3696.358 -3872.534 -3844.962 -3908.364
-3892.603 -3907.979 -3894.789 -3894.789 -3734.025
-3774.239 -3787.387 -3795.61 -4071.778 -4019.386
-4019.386 -4019.386 -4019.386 -4019.386 -4019.386
-4019.386 -4019.386 -4019.386 -4019.386 -4019.386
-4019.386 -4019.386 -4019.386 -4019.386 -4019.386
-4019.386 -4019.386 -4019.386 -4019.386 -4019.386
-4019.386 -4019.386 -4019.386 -4019.386 -4019.386
-4016.060 -4266.868 -4153.916 -4053.724 -4189.65
-4105.33 -4105.33 -4106.413 -4307.519 -4252.894
-4221.976 -4312.891 -4255.014 -4291.953 -4321.676
-4321.676 -4278.808 -4233.87 -4282.592 -4291.304
-4187.474 -4124.639 -4091.529 -4108.142 -4211.166
-4179.368 -4179.368 -4185.036 -4151.086 -4153.221
-4250.6 -4298.088 -4298.088 -4348.761 -4307.885
-4321.911 -4326.817 -4325.402 -4337.622 -4320.925
-4365.734 -4365.438 -4355.850 -4367.381 -4364.264
-4304.738 -4312.535 -4297.093 -4315.723 -4315.723
-4350.365 -4330.76 -4371.497 -4386.281 -4386.599
-4378.769 -4370.886 -4364.258 -4373.336 -4373.67
-4379.468 -4379.468 -4381.629 -4374.514 -4389.429
-4391.778 -4377.797 -4375.576 -4375.576 -4392.94
-4390.514 -4386.134 -4347.201 -4239.775 -4057.170
-4057.170 -4057.170 -4057.170 -4057.170 -4057.170
-4057.170 -4057.170 -4057.170 -4057.170 -4057.170
-4057.170 -4057.170 -4057.170 -4057.170 -4057.170
-4057.170 -4057.170 -4057.170 -4057.170 -4057.170
-4057.170 -4057.170 -4057.170 -4057.170 -4057.170
-4036.436 -4007.631 -3943.766 -4231.839 -4150.633
-3936.066 -3936.066 -4104.595 -4305.705 -4272.709
-4270.919 -4028.325 -4038.133 -4237.039 -4349.922
-4349.922 -4349.580 -4332.903 -4290.535 -4291.377
-4296.266 -4302.718 -4283.5 -4271.853 -4286.284
-4043.417 -4043.417 -4131.602 -4146.363 -4199.89
-4200.49 -4065.272 -4065.272 -4173.896 -3941.851
-3958.822 -3974.746 -3838.889 -3875.038 -3766.623
-3765.952 -3703.415 -3824.585 -3777.853 -3642.771
-3776.35 -3661.268 -3892.763 -4082.443 -4082.443
-3664.096 -4007.357 -3800.772 -3639.76 -3819.643
-3809.983 -3783.777 -3254.318 -3305.988 -3495.684
-3499.231 -3499.231 -3642.967 -3741.921 -3953.091
-3990.371 -3696.181 -3321.945 -3321.945 -3701.740
-3820.226 -3848.816 -3673.225 -4070.316 -4239.518
-4239.518 -4239.518 -4239.518 -4239.518 -4239.518
-4239.518 -4239.518 -4239.518 -4239.518 -4239.518
-4239.518 -4239.518 -4239.518 -4239.518 -4239.518
-4239.518 -4239.518 -4239.518 -4239.518 -4239.518
-4239.518 -4239.518 -4239.518 -4239.518 -4239.518
-4149.014 -4140.583 -3971.233 -4119.615 -4037.464
-4012.809 -4012.809 -4018.542 -4087.941 -3969.007
-3973.306 -4064.426 -4065.068 -4281.732 -4153.510
-4153.510 -4149.738 -4142.737 -4112.324 -4203.638
-4076.65 -4008.649 -3848.557 -3787.387 -4005.295
-3959.689 -3959.689 -3991.512 -4030.612 -3964.743
-3972.706 -3995.218 -3995.218 -3868.855 -3808.963
-3964.045 -3939.246 -4173.439 -4239.119 -4256.889
-4015.425 -3924.724 -3984.637 -4036.648 -3983.819
-3809.227 -3946.116 -4050.064 -3777.702 -3777.702
-4263.339 -4220.219 -4231.749 -4226.482 -4129.486
-4178.633 -4007.703 -4065.086 -3978.37 -4001.576
-4043.944 -4043.944 -4033.048 -3979.232 -4100.979
-4033.894 -4074.434 -4097.539 -4097.539 -4206.702
-4245.306 -4209.027 -4143.566 -4173.089 -4343.01
-4343.01 -4343.01 -4343.01 -4343.01 -4343.01
-4343.01 -4343.01 -4343.01 -4343.01 -4343.01
-4343.01 -4343.01 -4343.01 -4343.01 -4343.01
-4343.01 -4343.01 -4343.01 -4343.01 -4343.01
-4343.01 -4343.01 -4343.01 -4343.01 -4343.01
-4361.373 -4347.447 -4332.711 -4344.055 -4341.657
-4362.743 -4362.743 -4372.326 -4303.459 -4234.238
-4284.416 -4247.186 -4278.348 -4276.799 -4343.097
-4343.097 -4344.123 -4311.658 -4318.406 -4316.036
-4328.004 -4319.91 -4351.73 -4334.299 -4237.909
-4271.681 -4271.681 -4286.909 -4226.442 -4238.865
-4331.583 -4338.101 -4338.101 -4300.077 -4283.376
-4279.148 -4207.438 -4213.272 -4237.634 -4134.971
-3998.469 -3853.234 -3855.097 -3872.427 -4086.298
-4050.29 -4063.226 -4054.753 -3964.067 -3964.067
-3940.502 -4053.84 -3956.033 -4091.797 -4080.548
-3968.328 -3944.210 -4054.367 -4191.817 -4205.446
-4134.619 -4134.619 -4094.448 -3899.648 -4071.56
-4095.842 -4286.351 -4307.846 -4307.846 -4291.045
-4265.886 -4262.976 -4111.213 -4201.413 -4240.82
-4240.82 -4240.82 -4240.82 -4240.82 -4240.82
-4240.82 -4240.82 -4240.82 -4240.82 -4240.82
-4240.82 -4240.82 -4240.82 -4240.82 -4240.82
-4240.82 -4240.82 -4240.82 -4240.82 -4240.82
-4240.82 -4240.82 -4240.82 -4240.82 -4240.82
-4300.657 -4290.566 -4297.144 -4347.242 -4336.059
-4330.513 -4330.513 -4340.04 -4365.588 -4317.097
-4169.848 -4195.161 -4214.489 -4265.885 -4297.536
-4297.536 -4302.026 -4319.735 -4303.018 -4296.741
-4265.292 -4198.079 -4214.721 -4214.249 -4271.420
-4317.107 -4317.107 -4321.477 -4178.975 -4268.163
-4213.146 -4203.249 -4203.249 -4081.723 -4080.619
-4086.446 -4251.008 -4032.438 -3990.625 -4121.333
-4122.665 -4044.45 -3994.707 -3869.236 -4107.524
-4053.275 -4213.999 -4280.634 -4230.002 -4230.002
-4274.409 -4269.108 -4285.953 -4176.895 -4094.098
-4035.931 -3988.908 -4187.620 -4222.741 -4225.917
-4294.111 -4294.111 -4253.913 -4259.469 -4266.178
-4318.202 -4324.96 -4209.195 -4209.195 -4218.182
-4236.275 -4252.083 -4195.928 -4236.619 -4201.366
-4201.366 -4201.366 -4201.366 -4201.366 -4201.366
-4201.366 -4201.366 -4201.366 -4201.366 -4201.366
-4201.366 -4201.366 -4201.366 -4201.366 -4201.366
-4201.366 -4201.366 -4201.366 -4201.366 -4201.366
-4201.366 -4201.366 -4201.366 -4201.366 -4201.366
-4091.711 -4043.607 -4207.271 -4046.511 -4112.419
-4225.524 -4225.524 -4036.126 -4036.126 -4154.276
-4100.336 -4002.373 -4034.993 -4063.631 -4186.056
-4186.056 -4205.123 -4074.636 -4207.952 -4171.292
-4297.649 -4354.767 -4290.479 -4206.979 -4211.754
-4209.747 -4209.747 -4208.865 -4287.347 -4265.482
-4228.984 -4204.213 -4204.213 -4295.628 -4315.596
-4309.079 -4325.191 -4260.787 -4215.848 -4292.515
-4292.237 -4315.727 -4306.164 -4233.361 -4360.002
-4362.897 -4381.266 -4377.645 -4384.915 -4384.915
-4390.475 -4399.528 -4392.915 -4394.209 -4388.652
-4388.411 -4393.949 -4382.652 -4375.634 -4376.084
-4389.528 -4389.528 -4392.834 -4387.937 -4389.612
-4383.843 -4394.424 -4387.34 -4387.34 -4381.59
-4381.744 -4391.610 -4393.794 -4396.096 -4394.4
-4394.4 -4394.4 -4394.4 -4394.4 -4394.4
-4394.4 -4394.4 -4394.4 -4394.4 -4394.4
-4394.4 -4394.4 -4394.4 -4394.4 -4394.4
-4394.4 -4394.4 -4394.4 -4394.4 -4394.4
-4394.4 -4394.4 -4394.4 -4394.4 -4394.4
-4394.546 -4398.357 -4396.217 -4380.411 -4361.75
-4352.806 -4352.806 -4325.496 -4270.547 -4214.425
-4099.005 -4118.042 -3861.785 -4126.68 -4170.458
-4170.458 -4181.336 -4176.093 -4256.964 -4242.911
-4197.182 -4215.28 -4214.295 -4023.916 -4265.587
-4240.532 -4240.532 -4290.472 -4208.606 -4243.625
-4144.968 -4194.238 -4194.238 -4181.47 -4147.309
-4202.27 -4265.915 -4273.943 -4229.151 -4204.65
-4115.48 -4120.516 -4094.009 -4139.096 -4107.538
-4103.677 -4142.028 -3946.632 -3846.373 -3846.373
-3878.806 -3748.826 -3715.309 -3924.077 -3614.347
-3722.691 -3882.291 -3901.168 -3987.701 -4023.848
-4060.127 -4060.127 -3934.263 -3880.335 -3781.125
-3832.939 -3776.753 -4059.286 -4059.286 -4119.628
-4076.715 -4180.038 -4176.651 -4237.811 -4219.089
-4219.089 -4219.089 -4219.089 -4219.089 -4219.089
-4219.089 -4219.089 -4219.089 -4219.089 -4219.089
-4219.089 -4219.089 -4219.089 -4219.089 -4219.089
-4219.089 -4219.089 -4219.089 -4219.089 -4219.089
-4219.089 -4219.089 -4219.089 -4219.089 -4219.089
-4149.449 -4170.518 -4164.013 -4098.808 -4130.097
-4230.244 -4230.244 -4275.222 -4220.798 -4257.653
-4261.326 -4232.463 -4342.342 -4360.49 -4364.499
-4364.499 -4363.892 -4381.308 -4394.960 -4390.476
-4388.552 -4391.645 -4395.26 -4393.643 -4374.808
-4393.01 -4393.01 -4368.089 -4359.522 -4333.992
-4302.974 -4237.57 -4237.57 -4243.555 -4237.477
-4195.699 -4209.992 -4191.462 -4183.761 -4272.194
-4301.04 -4350.495 -4332.773 -4316.777 -4298.841
-4315.193 -4323.68 -4308.509 -4307.871 -4307.871
-4343.687 -4330.077 -4321.54 -4217.796 -4154.145
-4126.464 -4138.15 -4061.571 -4139.58 -3834.396
-3855.819 -3855.819 -3986.818 -4118.496 -4153.588
-3833.528 -3956.627 -4038.37 -4038.37 -3980.62
-4157.469 -4191.634 -4248.764 -4300.27 -4337.757
-4337.757 -4337.757 -4337.757 -4337.757 -4337.757
-4337.757 -4337.757 -4337.757 -4337.757 -4337.757
-4337.757 -4337.757 -4337.757 -4337.757 -4337.757
-4337.757 -4337.757 -4337.757 -4337.757 -4337.757
-4337.757 -4337.757 -4337.757 -4337.757 -4337.757
-4334.638 -4354.965 -4332.337 -4365.343 -4375.765
-4387.05 -4387.05 -4378.525 -4386.214 -4382.078
-4370.267 -4372.955 -4370.342 -4375.312 -4386.09
-4386.09 -4367.075 -4369.058 -4352.001 -4369.249
-4322.891 -4317.656 -4287.777 -4251.088 -4164.134
-4174.765 -4174.765 -4211.615 -4267.477 -3997.679
-4145.135 -4123.239 -4123.239 -3745.585 -3861.118
-3732.621 -4099.903 -4155.767 -3945.791 -3896.228
-3937.797 -3725.996 -3865.64 -3900.757 -3606.896
-4082.232 -3821.454 -3889.536 -3795.736 -3795.736
-3864.384 -3735.380 -3940.219 -3871.459 -3931.365
-4015.333 -4055.623 -4131.753 -4070.482 -4078.380
-3956.753 -3956.753 -3962.108 -3818.96 -4023.878
-4001.256 -3990.103 -4035.726 -4035.726 -4146.007
-4050.496 -3959.804 -4071.675 -3784.325 -4094.624
-4094.624 -4094.624 -4094.624 -4094.624 -4094.624
-4094.624 -4094.624 -4094.624 -4094.624 -4094.624
-4094.624 -4094.624 -4094.624 -4094.624 -4094.624
-4094.624 -4094.624 -4094.624 -4094.624 -4094.624
-4094.624 -4094.624 -4094.624 -4094.624 -4094.624
-4081.403 -3893.529 -3830.338 -3846.553 -3802.16
-3882.97 -3882.97 -3962.103 -3869.296 -3851.983
-3938.914 -3842.209 -3944.001 -3658.184 -3714.506
-3714.506 -3768.681 -3745.332 -4316.497 -4336.073
-4301.576 -4367.104 -4368.506 -4381.955 -4373.969
-4350.938 -4350.938 -4367.988 -4353.795 -4365.172
-4333.113 -4255.565 -4255.565 -4226.932 -4087.707
-4131.321 -3708.640 -3606.184 -4124.328 -4128.845
-4112.711 -4034.612 -3826.514 -3656.369 -3509.12
-3741.042 -3673.702 -3623.928 -3874.917 -3874.917
-4012.787 -4084.408 -4115.462 -4104.613 -4003.148
-4168.738 -4196.572 -4279.559 -4266.092 -4310.928
-4329.042 -4329.042 -4323.806 -4329.871 -4347.927
-4334.247 -4358.181 -4327.700 -4327.700 -4234.983
-4269.574 -4337.902 -4310.726 -4296.705 -4307.406
-4307.406 -4307.406 -4307.406 -4307.406 -4307.406
-4307.406 -4307.406 -4307.406 -4307.406 -4307.406
-4307.406 -4307.406 -4307.406 -4307.406 -4307.406
-4307.406 -4307.406 -4307.406 -4307.406 -4307.406
-4307.406 -4307.406 -4307.406 -4307.406 -4307.406
-4307.086 -4362.538 -4358.369 -4341.595 -4321.803
-4339.032 -4339.032 -4350.141 -4358.391 -4365.487
-4368.967 -4366.057 -4364.428 -4354.584 -4365.656
-4365.656 -4328.038 -4262.255 -4307.605 -4210.335
-3844.78 -4220.375 -4022.589 -4199.528 -4097.43
-4168.791 -4168.791 -3980.361 -3977.537 -4249.597
-4001.359 -4086.945 -4086.945 -4162.045 -4116.753
-4128.721 -4213.452 -4230.381 -4224.847 -4235.636
-4231.563 -4236.018 -4179.84 -4254.817 -4196.039
-4138.879 -4138.453 -4281.076 -4301.706 -4301.706
-4268.002 -4302.886 -4272.229 -4314.5 -4335.07
-4357.124 -4366.845 -4384.64 -4382.983 -4381.6
-4375.824 -4375.824 -4356.784 -4348.449 -4322.629
-4344.494 -4365.215 -4377.833 -4377.833 -4392.035
-4385.249 -4388.361 -4390.1 -4391.137 -4385.875
-4385.875 -4385.875 -4385.875 -4385.875 -4385.875
-4385.875 -4385.875 -4385.875 -4385.875 -4385.875
-4385.875 -4385.875 -4385.875 -4385.875 -4385.875
-4385.875 -4385.875 -4385.875 -4385.875 -4385.875
-4385.875 -4385.875 -4385.875 -4385.875 -4385.875
-4378.572 -4378.847 -4295.531 -4299.125 -4289.323
-4274.996 -4274.996 -4275.427 -4328.178 -4258.509
-4258.982 -4282.14 -4290.274 -4215.927 -4113.866
-4113.866 -4056.604 -3671.455 -3714.137 -3701.420
-3798.57 -3737.606 -3633.891 -3678.336 -3733.214
-3614.698 -3614.698 -3732.021 -3833.268 -3824.711
-3995.965 -4079.592 -4079.592 -3866.249 -3813.513
-4058.447 -4023.211 -3972.965 -3930.996 -3727.662
-3771.218 -3939.1 -3878.8 -3850.993 -4033.135
-4021.467 -3702.585 -3593.313 -3752.836 -3752.836
-4033.054 -4143.752 -4155.224 -4281.148 -4205.117
-4198.164 -4248.83 -4266.59 -4250.546 -4225.501
-4273.813 -4273.813 -4238.887 -4088.947 -4080.546
-4175.386 -4145.61 -4146.964 -4146.964 -4279.473
-4200.647 -4221.701 -3994.027 -3751.702 -3874.354
-3874.354 -3874.354 -3874.354 -3874.354 -3874.354
-3874.354 -3874.354 -3874.354 -3874.354 -3874.354
-3874.354 -3874.354 -3874.354 -3874.354 -3874.354
-3874.354 -3874.354 -3874.354 -3874.354 -3874.354
-3874.354 -3874.354 -3874.354 -3874.354 -3874.354
-3927.371 -3614.653 -3692.465 -3576.424 -3533.783
-3977.959 -3977.959 -4095.637 -3799.265 -3689.411
-3904.889 -3933.974 -3714.066 -3646.384 -3160.843
-3160.843 -3094.874 -3121.947 -3237.125 -3226.097
-3342.005 -3339.122 -3299.398 -4159.887 -3531.259
-3776.296 -3776.296 -3936.205 -4105.565 -4252.098
-4251.131 -4308.23 -4308.23 -4180.954 -4094.324
-4160.165 -4072.147 -4092.675 -4117.217 -4122.817
-4118.885 -4073.991 -4086.203 -4144.464 -4142.835
-4225.928 -4212.563 -4312.132 -4248.947 -4248.947
-4183.088 -4157.059 -4209.563 -4106.725 -4126.357
-3960.721 -4027.654 -4010.556 -4130.909 -4106.993
-4059.925 -4059.925 -4059.311 -4083.72 -4099.781
-4145.107 -4122.062 -4205.702 -4205.702 -4198.521
-4208.863 -4230.602 -4265.070 -4242.589 -4321.66
-4321.66 -4321.66 -4321.66 -4321.66 -4321.66
-4321.66 -4321.66 -4321.66 -4321.66 -4321.66
-4321.66 -4321.66 -4321.66 -4321.66 -4321.66
-4321.66 -4321.66 -4321.66 -4321.66 -4321.66
-4321.66 -4321.66 -4321.66 -4321.66 -4321.66
-4283.836 -4285.319 -4291.956 -4319.617 -4330.884
-4357.755 -4357.755 -4351.553 -4360.768 -4369.419
-4359.197 -4355.132 -4245.229 -4243.958 -4257.719
-4257.719 -4208.368 -4197.375 -4135.045 -4016.46
-3889.562 -3773.824 -3708.920 -4082.495 -3995.372
-3913.354 -3913.354 -3704.402 -3926.192 -3815.878
-3752.624 -3868.293 -3868.293 -3798.999 -3933.587
-4007.177 -4009.265 -3947.301 -3863.393 -3803.93
-3939.251 -3674.695 -3673.038 -3502.755 -3713.898
-3833.293 -3775.625 -3854.174 -3941.9 -3941.9
-3889.07 -3807.983 -3902.914 -4249.225 -4143.84
-3876.305 -4002.028 -3950.303 -4068.279 -4050.92
-3931.62 -3931.62 -3845.052 -4016.476 -4101.014
-4172.235 -4249.157 -4265.256 -4265.256 -4326.834
-4313.103 -4323.069 -4337.868 -4336.772 -4351.873
-4351.873 -4351.873 -4351.873 -4351.873 -4351.873
-4351.873 -4351.873 -4351.873 -4351.873 -4351.873
-4351.873 -4351.873 -4351.873 -4351.873 -4351.873
-4351.873 -4351.873 -4351.873 -4351.873 -4351.873
-4351.873 -4351.873 -4351.873 -4351.873 -4351.873
-4355.214 -4361.116 -4343.83 -4345.945 -4346.13
-4333.91 -4333.91 -4298.009 -4294.236 -4216.825
-4145.722 -4062.516 -3991.438 -4022.451 -4102.846
-4102.846 -4080.1 -4278.904 -4229.618 -4308.687
-4217.627 -4105.194 -4324.328 -4333.232 -4295.913
-4220.302 -4220.302 -4241.407 -4217.048 -4198.603
-4203.593 -4298.309 -4298.309 -4311.47 -4326.565
-4326.555 -4335.592 -4319.965 -4341.829 -4343.114
-4322.815 -4355.975 -4244.112 -4117.019 -3901.087
-3946.884 -3837.302 -3962.163 -4090.414 -4090.414
-3943.393 -3809.633 -3838.554 -3965.552 -3928.441
-4001.595 -3915.775 -3815.054 -4066.426 -3802.347
-3911.285 -3911.285 -3591.181 -3313.379 -3439.763
-3393.962 -3881.573 -3808.622 -3808.622 -3370.948
-3476.600 -3510.197 -3805.23 -3542.329 -3993.5
-3993.5 -3993.5 -3993.5 -3993.5 -3993.5
-3993.5 -3993.5 -3993.5 -3993.5 -3993.5
-3993.5 -3993.5 -3993.5 -3993.5 -3993.5
-3993.5 -3993.5 -3993.5 -3993.5 -3993.5
-3993.5 -3993.5 -3993.5 -3993.5 -3993.5
-4057.971 -3919.002 -3853.001 -3706.070 -3637.997
-3637.155 -3637.155 -3712.434 -3816.264 -3749.167
-4081.919 -3728.525 -4132.803 -4166.739 -3727.291
-3727.291 -3960.456 -4168.733 -3972.05 -4094.485
-3698.695 -3700.649 -4041.822 -4025.855 -4075.293
-3908.603 -3908.603 -3781.351 -3818.547 -3783.736
-4091.692 -4217.458 -4217.458 -3960.216 -4030.630
-4145.184 -4239.922 -4283.938 -4256.932 -4319.684
-4251.066 -4237.526 -4223.854 -4122.927 -4315.645
-4304.223 -4293.769 -4177.618 -4277.847 -4277.847
-4285.464 -4302.645 -4255.123 -4216.542 -4105.742
-4125.585 -3961.023 -4028.033 -3902.171 -4005.28
-3961.263 -3961.263 -3954.709 -4030.979 -3989.73
-4221.012 -4181.596 -4100.164 -4100.164 -4150.318
-3992.94 -4226.895 -4241.634 -4287.910 -4305.828
-4305.828 -4305.828 -4305.828 -4305.828 -4305.828
-4305.828 -4305.828 -4305.828 -4305.828 -4305.828
-4305.828 -4305.828 -4305.828 -4305.828 -4305.828
-4305.828 -4305.828 -4305.828 -4305.828 -4305.828
-4305.828 -4305.828 -4305.828 -4305.828 -4305.828
-4213.069 -4289.939 -4063.813 -4002.277 -4059.134
-4060.700 -4060.700 -4057.479 -4175.891 -4253.756
-4322.462 -4311.593 -4228.863 -4269.537 -4287.96
-4287.96 -4237.732 -4320.409 -4276.843 -4299.039
-4301.466 -4322.357 -4193.275 -4236.766 -4161.185
-4161.638 -4161.638 -4119.084 -3844.81 -3748.439
-3858.37 -4126.298 -4126.298 -4269.787 -4195.74
-4280.216 -4259.247 -4143.186 -3915.942 -3847.876
-3874.544 -3826.047 -4063.126 -3691.217 -3789.268
-3794.377 -4238.412 -4236.654 -4323.816 -4323.816
-4367.457 -4373.674 -4378.674 -4383.419 -4391.171
-4390.837 -4387.770 -4391.106 -4380.021 -4388.991
-4388.719 -4388.719 -4376.184 -4382.813 -4367.581
-4310.535 -4182.616 -4175.719 -4175.719 -4180.554
-4005.319 -3877.811 -3933.469 -3706.708 -3910.258
-3910.258 -3910.258 -3910.258 -3910.258 -3910.258
-3910.258 -3910.258 -3910.258 -3910.258 -3910.258
-3910.258 -3910.258 -3910.258 -3910.258 -3910.258
-3910.258 -3910.258 -3910.258 -3910.258 -3910.258
-3910.258 -3910.258 -3910.258 -3910.258 -3910.258
-3517.857 -3644.223 -3882.408 -3727.449 -3717.976
-3760.678 -3760.678 -4010.286 -4111.795 -4020.469
-3976.458 -4025.726 -4203.504 -4239.688 -4209.392
-4209.392 -4303.136 -4303.363 -4248.933 -4283.246
-4042.154 -3766.582 -3840.243 -3847.488 -3662.594
-3383.191 -3383.191 -3478.316 -3492.885 -3887.248
-3860.647 -3042.221 -3042.221 -3071.205 -3168.787
-3100.969 -3093.345 -3212.314 -3252.666 -3357.558
-3321.482 -3423.919 -3771.804 -3550.499 -3964.807
-4042.064 -4167.562 -4237.673 -4228.368 -4228.368
-4313.817 -4086.958 -4301.396 -4099.837 -4109.249
-3858.483 -3858.86 -4264.691 -4315.509 -4359.928
-4330.742 -4330.742 -4219.656 -4292.14 -4307.072
-4286.049 -4217.74 -3952.172 -3952.172 -4001.948
-3840.55 -3989.974 -3917.693 -3882.006 -3873.773
-3873.773 -3873.773 -3873.773 -3873.773 -3873.773
-3873.773 -3873.773 -3873.773 -3873.773 -3873.773
-3873.773 -3873.773 -3873.773 -3873.773 -3873.773
-3873.773 -3873.773 -3873.773 -3873.773 -3873.773
-3873.773 -3873.773 -3873.773 -3873.773 -3873.773
-3679.017 -3669.157 -3449.124 -3941.754 -3771.787
-3901.521 -3901.521 -4137.724 -4187.732 -4176.783
-4211.843 -4309.92 -4285.148 -4246.576 -4244.22
-4244.22 -4281.023 -4035.23 -4024.206 -4074.204
-4020.078 -3963.555 -3956.087 -3990.487 -3950.676
-3975.778 -3975.778 -4134.249 -4091.51 -3824.026
-3946.935 -3917.008 -3917.008 -3876.579 -3919.09
-4034.874 -4016.86 -3898.107 -3848.982 -3723.782
-3895.939 -4032.775 -3945.105 -4110.604 -4086.906
-4070.272 -4176.423 -4075.404 -4189.469 -4189.469
-4090.003 -4036.938 -3959.150 -4027.249 -3821.453
-3839.141 -4001.71 -3954.273 -4123.725 -4114.095
-4045.442 -4045.442 -4240.016 -3899.838 -4025.649
-3874.888 -4044.413 -4068.533 -4068.533 -3953.525
-4041.762 -3914.384 -3882.537 -3881.429 -4028.47
-4028.47 -4028.47 -4028.47 -4028.47 -4028.47
-4028.47 -4028.47 -4028.47 -4028.47 -4028.47
-4028.47 -4028.47 -4028.47 -4028.47 -4028.47
-4028.47 -4028.47 -4028.47 -4028.47 -4028.47
-4028.47 -4028.47 -4028.47 -4028.47 -4028.47
-4125.432 -4033.281 -4013.281 -4057.601 -3894.65
-3983.007 -3983.007 -4169.862 -4060.899 -4174.994
-4255.704 -4293.142 -4284.016 -4265.827 -4162.675
-4162.675 -3974.846 -3956.251 -3862.763 -3854.618
-4045.546 -4097.923 -4097.054 -4271.631 -4261.128
-4348.198 -4348.198 -4336.056 -4331.034 -4310.913
-4323.705 -4338.564 -4338.564 -4342.452 -4343.884
-4298.661 -4357.101 -4340.509 -4318.083 -4311.164
-4308.825 -4341.307 -4351.610 -4319.654 -4267.116
-4285.737 -4258.002 -3949.873 -3841.365 -3841.365
-3905.623 -3741.927 -3830.503 -3858.937 -3885.026
-4008.307 -3897.680 -3925.238 -3892.254 -3709.030
-3821.283 -3821.283 -3900.184 -4188.733 -3932.591
-3840.801 -3858.017 -3644.816 -3644.816 -4088.076
-3966.184 -3957.866 -3907.282 -3861.182 -4000.922
-4000.922 -4000.922 -4000.922 -4000.922 -4000.922
-4000.922 -4000.922 -4000.922 -4000.922 -4000.922
-4000.922 -4000.922 -4000.922 -4000.922 -4000.922
-4000.922 -4000.922 -4000.922 -4000.922 -4000.922
-4000.922 -4000.922 -4000.922 -4000.922 -4000.922
-3711.817 -3902.165 -3901.403 -4021.714 -4033.818
-3948.922 -3948.922 -3690.971 -3917.907 -4011.836
-4104.248 -3836.21 -3746.276 -3534.191 -3626.823
-3626.823 -3598.256 -3719.904 -3693.372 -3770.933
-3977.905 -4011.175 -4006.765 -3730.461 -3537.823
-2986.394 -2986.394 -2877.738 -3023.366 -3113.318
-3182.986 -4061.544 -4061.544 -3860.501 -3856.311
-3844.52 -3953.877 -4060.291 -4101.978 -3925.147
-3603.577 -3906.247 -3748.099 -3712.405 -3919.939
-4052.213 -4128.612 -4200.885 -4118.404 -4118.404
-4131.023 -4138.759 -4201.659 -4292.502 -4304.373
-4326.083 -4337.873 -4333.157 -4312.344 -4326.361
-4257.644 -4257.644 -4233.304 -4225.767 -4201.737
-4271.641 -4276.056 -4315.842 -4315.842 -4317.911
-4314.276 -4327.146 -4326.38 -4352.56 -4371.414
-4371.414 -4371.414 -4371.414 -4371.414 -4371.414
-4371.414 -4371.414 -4371.414 -4371.414 -4371.414
-4371.414 -4371.414 -4371.414 -4371.414 -4371.414
-4371.414 -4371.414 -4371.414 -4371.414 -4371.414
-4371.414 -4371.414 -4371.414 -4371.414 -4371.414
-4366.118 -4364.983 -4372.454 -4362.07 -4317.325
-4304.379 -4304.379 -4298.455 -4157.756 -4033.547
-4274.09 -4274.672 -4279.664 -4227.875 -4308.994
-4308.994 -4320.905 -4217.977 -4125.667 -3967.327
-4072.898 -4227.285 -4079.586 -3831.559 -3791.299
-3870.278 -3870.278 -3620.428 -3758.503 -3943.059
-3928.214 -4032.848 -4032.848 -4043.650 -3741.683
-3879.349 -3988.272 -3937.672 -3861.44 -3796.126
-3913.57 -3971.426 -3935.530 -3962.46 -3919.521
-3953.175 -4168.420 -4172.511 -4036.274 -4036.274
-4048.387 -3956.526 -4010.052 -4169.697 -4226.461
-3995.768 -4004.006 -4190.919 -3921.489 -4079.793
-4088.069 -4088.069 -4084.257 -3863.153 -3509.238
-4186.131 -4255.677 -4284.007 -4284.007 -4367.69
-4265.979 -4216.673 -4076.414 -3896.459 -3524.3
-3524.3 -3524.3 -3524.3 -3524.3 -3524.3
-3524.3 -3524.3 -3524.3 -3524.3 -3524.3
-3524.3 -3524.3 -3524.3 -3524.3 -3524.3
-3524.3 -3524.3 -3524.3 -3524.3 -3524.3
-3524.3 -3524.3 -3524.3 -3524.3 -3524.3
-3452.248 -3776.164 -4128.746 -3738.871 -3962.973
-3662.859 -3662.859 -3600.873 -3769.576 -4059.679
-4010.315 -4015.486 -4022.276 -4118.958 -3745.13
-3745.13 -3767.933 -3681.105 -4066.263 -3820.308
-3893.443 -3683.483 -3659.986 -3607.815 -3622.327
-3877.616 -3877.616 -4067.517 -4065.024 -4066.249
-3867.835 -4171.864 -4171.864 -3855.385 -4068.472
-3925.167 -3960.004 -4135.01 -4064.594 -4134.157
-4017.376 -3818.991 -3837.938 -4015.71 -4143.627
-3973.082 -3973.197 -4238.575 -4295.123 -4295.123
-4317.805 -4342.558 -4344.433 -4348.166 -4277.654
-4251.358 -4195.465 -4121.405 -4061.039 -3995.93
-4025.599 -4025.599 -3814.645 -4133.863 -4095.601
-4046.329 -3821.003 -3786.432 -3786.432 -3943.21
-3968.037 -3830.027 -3937.764 -3943.255 -3791.644
-3791.644 -3791.644 -3791.644 -3791.644 -3791.644
-3791.644 -3791.644 -3791.644 -3791.644 -3791.644
-3791.644 -3791.644 -3791.644 -3791.644 -3791.644
-3791.644 -3791.644 -3791.644 -3791.644 -3791.644
-3791.644 -3791.644 -3791.644 -3791.644 -3791.644
-3822.597 -3701.342 -4028.909 -3893.642 -3904.923
-3821.353 -3821.353 -3887.716 -3958.266 -3832.277
-3798.693 -3859.697 -3859.697 -3871.757 -3940.333
-3940.333 -3933.025 -3903.342 -3850.01 -3880.321
-3932.035 -4077.244 -4044.522 -4035.164 -4035.164
-4003.861 -4003.861 -3804.730 -3955.595 -3889.573
-3991.127 -4054.079 -4054.079 -3795.108 -3781.777
-3798.027 -3683.713 -3644.455 -3886.583 -4130.026
-4057.69 -4053.99 -3826.098 -4025.965 -4139.143
-4045.418 -3961.586 -4210.945 -4114.281 -4114.281
-4055.862 -3942.239 -4206.79 -4160.238 -3890.286
-3703.966 -3619.294 -3378.58 -3259.211 -3981.17
-3987.079 -3987.079 -3980.824 -3809.344 -3689.702
-3829.871 -3875.941 -4001.041 -4001.041 -3750.796
-3678.072 -3683.038 -3685.278 -3963.476 -3984.822
-3984.822 -3984.822 -3984.822 -3984.822 -3984.822
-3984.822 -3984.822 -3984.822 -3984.822 -3984.822
-3984.822 -3984.822 -3984.822 -3984.822 -3984.822
-3984.822 -3984.822 -3984.822 -3984.822 -3984.822
-3984.822 -3984.822 -3984.822 -3984.822 -3984.822
-4166.59 -4158.146 -4325.283 -4332.593 -4338.162
-4308.813 -4308.813 -4272.607 -3991.17 -4213.124
-4278.667 -4267.726 -4029.842 -4052.541 -4092.904
-4092.904 -4022.393 -3968.057 -3902.502 -3876.632
-3820.962 -3697.528 -3750.416 -3709.611 -3584.822
-3066.424 -3066.424 -3753.371 -3900.353 -3859.292
-3811.539 -3674.67 -3674.67 -3991.538 -3872.244
-4058.343 -3889.363 -4044.751 -4044.362 -4044.362
-4120.519 -3998.363 -3882.169 -3904.912 -3798.954
-3818.985 -3962.195 -4071.155 -4139.477 -4139.477
-4187.879 -4106.649 -4056.431 -4046.023 -3861.505
-3890.715 -3721.285 -3631.037 -3515.298 -3421.488
-3442.619 -3442.619 -3417.816 -3667.335 -3748.643
-3702.501 -3927.209 -4005.107 -4005.107 -4011.608
-4085.152 -3768.198 -3728.234 -3853.146 -3779.324
-3779.324 -3779.324 -3779.324 -3779.324 -3779.324
-3779.324 -3779.324 -3779.324 -3779.324 -3779.324
-3779.324 -3779.324 -3779.324 -3779.324 -3779.324
-3779.324 -3779.324 -3779.324 -3779.324 -3779.324
-3779.324 -3779.324 -3779.324 -3779.324 -3779.324
-3903.07 -3890.612 -3995.312 -3770.140 -3975.779
-4147.091 -4147.091 -4017.836 -4080.468 -4094.909
-3984.677 -4024.442 -3758.815 -3728.131 -3712.578
-3712.578 -3828.133 -3706.483 -3942.443 -3765.031
-3960.482 -3824.789 -3772.175 -3830.139 -3777.545
-4036.784 -4036.784 -4027.226 -4022.774 -3866.533
-3848.012 -4189.64 -4189.64 -3875.735 -4036.153
-4134.247 -4045.969 -3932.643 -3901.393 -3934.737
-3927.744 -3920.207 -3893.95 -3985.933 -4066.744
-4016.491 -4139.487 -4154.068 -4065.03 -4065.03
-3663.262 -3592.483 -3692.799 -3949.495 -4016.728
-4053.888 -4163.538 -4192.305 -4262.06 -4241.826
-4299.349 -4299.349 -4233.346 -4032.705 -4087.732
-4045.303 -3791.153 -3860.081 -3860.081 -3834.681
-3752.311 -3824.998 -3919.996 -3915.167 -3826.885
-3826.885 -3826.885 -3826.885 -3826.885 -3826.885
-3826.885 -3826.885 -3826.885 -3826.885 -3826.885
-3826.885 -3826.885 -3826.885 -3826.885 -3826.885
-3826.885 -3826.885 -3826.885 -3826.885 -3826.885
-3826.885 -3826.885 -3826.885 -3826.885 -3826.885
-3896.219 -3969.868 -3860.952 -3853.38 -3764.040
-3926.170 -3926.170 -3682.834 -3896.874 -3901.247
-4159.029 -4081.874 -3985.083 -3971.463 -3918.111
-3918.111 -4089.245 -4152.104 -4076.272 -3834.281
-3450.698 -3548.717 -3738.947 -3904.822 -4081.379
-4044.884 -4044.884 -4184.837 -4096.734 -3878.943
-3804.32 -3845.42 -3845.42 -3968.376 -3965.551
-4216.888 -3991.709 -3911.947 -3896.201 -3938.07
-3988.774 -3934.807 -3885.833 -3918.672 -3933.948
-3818.305 -3963.091 -3952.778 -3787.872 -3787.872
-3769.88 -3708.139 -3928.624 -3762.496 -3689.052
-3720.085 -3698.539 -3980.932 -3847.103 -3847.983
-3828.119 -3828.119 -3931.85 -3707.381 -3888.291
-3888.235 -3956.65 -4218.09 -4218.09 -4176.417
-3847.817 -4015.736 -3938.089 -3775.997 -3972.962
-3972.962 -3972.962 -3972.962 -3972.962 -3972.962
-3972.962 -3972.962 -3972.962 -3972.962 -3972.962
-3972.962 -3972.962 -3972.962 -3972.962 -3972.962
-3972.962 -3972.962 -3972.962 -3972.962 -3972.962
-3972.962 -3972.962 -3972.962 -3972.962 -3972.962
-3999.073 -3737.626 -3683.299 -3705.12 -3820.442
-3905.768 -3905.768 -3928.195 -3975.986 -4110.328
-4088.258 -3835.621 -3932.04 -3939.611 -4012.624
-4012.624 -3814.381 -3833.126 -3699.554 -3765.294
-3725.845 -3807.963 -3811.238 -3824.822 -3652.489
-3167.549 -3167.549 -3115.257 -3662.263 -3748.42
-3568.188 -3644.941 -3644.941 -3589.084 -3842.51
-3886.655 -4050.683 -4143.908 -4060.576 -4204.893
-4121.36 -3908.374 -3924.318 -3866.707 -3816.372
-3842.306 -3922.037 -3915.729 -3774.641 -3774.641
-4014.696 -4142.686 -4122.215 -4122.215 -3792.759
-4031.022 -3692.341 -3718.986 -3852.976 -3887.859
-3915.936 -3915.936 -3844.384 -3838.603 -3779.087
-3768.439 -3813.136 -3895.768 -3895.768 -3760.549
-3836.135 -3843.105 -3977.315 -4146.061 -4112.114
-4112.114 -4112.114 -4112.114 -4112.114 -4112.114
-4112.114 -4112.114 -4112.114 -4112.114 -4112.114
-4112.114 -4112.114 -4112.114 -4112.114 -4112.114
-4112.114 -4112.114 -4112.114 -4112.114 -4112.114
-4112.114 -4112.114 -4112.114 -4112.114 -4112.114
-4119.784 -4101.937 -4140.570 -3985.534 -3722.171
-3627.123 -3627.123 -3682.326 -3937.169 -4000.097
-3866.772 -3795.363 -3619.131 -3640.657 -3631.762
-3631.762 -3705.206 -3728.721 -3685.6 -3690.225
-3761.212 -4062.799 -4094.402 -4138.016 -4212.95
-4216.153 -4216.153 -4176.927 -4158.944 -4150.959
-4077.87 -4184.107 -4184.107 -4146.623 -4144.667
-4233.75 -4325.825 -4353.973 -4356.997 -4345.63
-4311.430 -4325.058 -4360.403 -4343.497 -4369.873
-4343.765 -4349.051 -4317.119 -4323.737 -4323.737
-4328.196 -4259.521 -4235.907 -4291.313 -4319.631
-4301.099 -4321.234 -4342.785 -4354.949 -4324.679
-4348.728 -4348.728 -4310.433 -4308.443 -4304.764
-4295.295 -4162.62 -4035.416 -4035.416 -4032.113
-4118.893 -4124.289 -4165.947 -4025.737 -4143.103
-4143.103 -4143.103 -4143.103 -4143.103 -4143.103
-4143.103 -4143.103 -4143.103 -4143.103 -4143.103
-4143.103 -4143.103 -4143.103 -4143.103 -4143.103
-4143.103 -4143.103 -4143.103 -4143.103 -4143.103
-4143.103 -4143.103 -4143.103 -4143.103 -4143.103
-4152.875 -4168.798 -4151.542 -4248.364 -4260.958
-4269.335 -4269.335 -4259.872 -4290.855 -4201.514
-4337.807 -4352.886 -4342.451 -4301.368 -4296.132
-4296.132 -4216.299 -4277.163 -4277.791 -4332.336
-4339.16 -4333.577 -4308.943 -4342.739 -4312.006
-4310.349 -4310.349 -4165.554 -4071.72 -4101.586
-4102.428 -4115.232 -4115.232 -4176.464 -4185.062
-4309.356 -4318.639 -4212.413 -4262.735 -4277.109
-4217.783 -4238.899 -4229.229 -4227.397 -4296.458
-4253.092 -4265.119 -4281.93 -4231.457 -4231.457
-4273.56 -4263.796 -4280.025 -4284.152 -4274.488
-4350.482 -4358.095 -4338.996 -4260.554 -4235.935
-4216.407 -4216.407 -4261.917 -4211.394 -4244.752
-4025.09 -4073.666 -4249.548 -4249.548 -4277.199
-4284.369 -4171.3 -4045.931 -4017.414 -4023.505
-4023.505 -4023.505 -4023.505 -4023.505 -4023.505
-4023.505 -4023.505 -4023.505 -4023.505 -4023.505
-4023.505 -4023.505 -4023.505 -4023.505 -4023.505
-4023.505 -4023.505 -4023.505 -4023.505 -4023.505
-4023.505 -4023.505 -4023.505 -4023.505 -4023.505
-3947.647 -3930.765 -4026.815 -4062.002 -4144.447
-4103.205 -4103.205 -3970.239 -3988.491 -3962.319
-3995.154 -4058.461 -3732.054 -3727.196 -3760.251
-3760.251 -3682.21 -3688.55 -3711.181 -3753.879
-3757.023 -3837.749 -3920.746 -3729.875 -3715.871
-3812.762 -3812.762 -4184.002 -3980.655 -3845.935
-3880.138 -3701.063 -3701.063 -3838.562 -4035.525
-4161.776 -4205.627 -4171.901 -4023.868 -4019.79
-4125.646 -4131.086 -4176.164 -4203.417 -4238.164
-4134.595 -3963.777 -3860.84 -3906.096 -3906.096
-3795.071 -3839.743 -4123.322 -4044.404 -4229.441
-4234.464 -4286.022 -4211.478 -4082.899 -4085.702
-4190.252 -4190.252 -4216.346 -4152.27 -4307.112
-4231.170 -4236.45 -4086.349 -4086.349 -4024.565
-4025.486 -4115.82 -4089.103 -4189.507 -4107.007
-4107.007 -4107.007 -4107.007 -4107.007 -4107.007
-4107.007 -4107.007 -4107.007 -4107.007 -4107.007
-4107.007 -4107.007 -4107.007 -4107.007 -4107.007
-4107.007 -4107.007 -4107.007 -4107.007 -4107.007
-4107.007 -4107.007 -4107.007 -4107.007 -4107.007
