-78 -76.11845895131087 -76.56051948686556 -77.54599444857286 -75.94539092472253
-78.394522150187996 -77.629857970754600 -75.96500554319431 -75.51811138355325 -71.16423349210098
-72.445352037111732 -76.29489659235837 -73.23670490565338 -74.24912484316341 -78.23831996605722
-80.879028870684451 -75.8750780465296 -77.5030543120349 -70.66060057189196 -69.5620988541298
-72.16606114880364 -65.610926264370789 -64.3915566409257 -64.549295009424625 -66.569531310351
-67.096743673774327 -66.742639958666359 -68.1637912756971 -66.610806444278552 -71.310161212148273
NA NA NA NA NA
-62 -66.82357355257184 -66.810336750692954 -61.93130290641368 -60.32552965399643
-64.624797967482621 -63.3488800673223 -56.6314105709793 -56.79897522609225 -56.9202262331003
-51.45090594194863 -52.04799011618784 -51.84604679453216 -48.915840681251304 -51.05351804786275
-49.009158987861497 -54.308747539216185 -53.43148146966410 -55.54605886163722 -56.3331843200001
-57.92696698930774 -54.87604511622433 -47.86663081292315 -53.16249940320435 -53.243302275137573
-56.69617942183017 -58.5238735952642 -56.22893768894682 -57.41473491615434 -55.737987049408879
NA NA NA NA NA
-46 -48.11270813965655 -45.170950270641747 -39.29442145642484 -40.76490921826776
-42.86617432439854 -46.66974699652065 -42.65642664523702 -43.62497388697885 -42.590233638480413
-42.92671492712331 -46.164811044234597 -44.57012818943907 -42.014936640924773 -40.272160683549494
-39.498893064010879 -40.164721745152256 -41.65147342802437 -35.59979414126047 -33.41434069317921
-34.571404447057510 -38.35493255320358 -30.598182404318685 -33.855607468822946 -28.13222541625343
-27.45830435798963 -26.40255972804686 -27.546906163131300 -26.558008046554 -27.066338865269433
NA NA NA NA NA
-88 -84.424228478197804 -87.93667861915849 -88.28388166035329 -88.87845475258091
-82.36636050033029 -85.574164351584429 -88.418878722369712 -89.88417574349455 -87.73215989492329
-89.71157927487755 -92.72257490805774 -94.41322013007948 -94.69717028849402 -92.41334991327759
-89.15248547759366 -85.07370860128518 -82.460737626300485 -81.7066257647702 -83.9331562549033
-83.37187072725865 -82.187535697895399 -81.76524393952404 -82.28039787169698 -82.704567165001151
-83.0883634856411 -80.4737406063635 -79.75509264745963 -70.13581443693602 -70.12872690544884
NA NA NA NA NA
-136 -131.17341336219957 -134.2208859994587 -132.8894550597109 -131.97068044294409
-133.64641001711018 -135.37403926480999 -135.7126970017302 -140.17157001462093 -136.7059826422102
-137.18898051337814 -135.48765043757797 -142.45994049582336 -141.4169774421934 -138.96742603760697
-133.00893507323599 -126.60544017587135 -133.90740204428405 -127.54256457815933 -126.32176807831620
-123.636628819366 -124.51561454200966 -126.2062711905642 -125.08584311823871 -127.5643396414961
-127.97730350111094 -125.5652945198457 -125.1343008346004 -129.8167839366117 -128.58951058320685
NA NA NA NA NA
-121 -118.39950994012897 -114.3907806098096 -116.40881349693281 -117.74239663514408
-115.4716555239969 -113.78941060551274 -116.90868880525154 -119.77296981258878 -123.59583035429633
-128.80208893751700 -131.82078018774337 -138.45596592704018 -137.3313726340261 -136.94289642037361
-133.79087962780315 -129.62341667072565 -130.64060477614493 -127.7073235796396 -131.63417290950125
-130.72501741846895 -126.8932516778583 -124.91783754874606 -119.01703084350379 -116.8643146792495
-115.8989333529439 -115.38422634238775 -117.741160725366 -121.1898201965441 -121.49729751319029
NA NA NA NA NA
-70 -67.669368386579237 -69.87538059978127 -70.94461097945084 -73.335201597704327
-72.1738093856204 -71.00579092533815 -76.25133722026257 -77.88238167126792 -77.974627833858648
-77.792585721219481 -77.56251151482272 -78.83267855760796 -83.686352050178883 -80.14746041978438
-78.3622413222505 -76.91578785671243 -77.94945962046064 -80.320122664859767 -80.3251823510244
-79.33265662476764 -79.09326875474015 -79.949314515513990 -82.61187627477186 -84.18483161282421
-83.158179139051825 -77.07188300622994 -78.62823301010363 -77.503628831056886 -74.304940652227529
NA NA NA NA NA
33 33.95448325334243 33.01459261124082 32.288199142675310 34.07755651812464
40.75867815982620 43.596604152857630 47.31401482536328 47.350459574268996 47.417224043970549
43.52106115525835 44.53172042042471 47.697018828847639 46.35805173380705 47.88893315160541
41.96763425129035 38.12095433298284 41.22363798291244 44.031354135730162 39.20469783148302
39.537276141098374 31.492317947807415 38.40536632009336 37.94938146999154 40.077168205481158
42.311163859952423 39.879253742352205 38.887321123183 38.50432639983578 40.102102640253015
NA NA NA NA NA
144 151.0397345859487 150.84894933866897 151.4884309986216 153.9680439279181
158.4465424591339 159.44161515230090 159.16872941598078 159.56133613759 155.595532383707
158.3413493513937 161.691322162426 167.05485799081805 169.49694643044441 170.57953464499434
163.20918980468747 166.41665530967634 170.98927600439868 169.9496699382579 170.79831801112397
174.8417102790645 172.15533475066624 170.61619530541856 174.06887786469366 173.78541623129630
176.6972336870386 174.40207085227121 177.13247681493652 175.38579547373993 174.77568442387226
NA NA NA NA NA
169 169.65633439422649 172.24022995489480 170.29786030257824 168.2103565535659
166.1794753691211 166.27038876117666 168.54248943181068 171.36183979927745 166.073795689168
174.36140100353651 174.17133560925566 172.49692804599925 170.66652861550301 175.24126302844445
178.77173853973414 180.37478012490823 182.5061924399464 183.86727907458956 186.84948648445169
190.45262606763129 191.70412102314253 190.9058705019415 195.5682370152114 193.4547427682007
195.81339184495442 189.54560019750042 191.1777685426215 185.9829149006393 187.87869360429619
NA NA NA NA NA
74 73.5537849730204 74.06572630455238 74.09677045308936 75.35224663587817
76.41484497574751 78.61021437034194 79.43313210856121 76.234159356938 77.14036318864233
76.566690009933851 80.72897248369668 86.37836943179863 81.97253221831 81.635829581481360
80.065784057029845 79.8738084636674 81.20541279574512 84.82399778450707 78.633589096901957
77.23149239246591 77.39605452027807 75.2743809741951 74.731975947029639 75.128119032279400
73.8072699554942 72.38933151805659 76.443422487863359 76.37943578911776 73.922704825650158
NA NA NA NA NA
-159 -156.53803168046835 -159.52611613855663 -159.98446901485403 -164.45904907833213
-160.97418273036203 -157.9605396107863 -150.1703393372435 -150.52678854480925 -150.74725060272522
-152.10357154994978 -155.6622178618534 -159.01715327583889 -162.3713115514889 -168.2536726475875
-167.1056998451578 -168.4364929183894 -171.80044278161546 -170.1833443517017 -171.45092637505533
-173.25217509704791 -178.06984793805512 -177.43313139813421 -176.64387893578231 -175.5583502282289
-180.03744080249737 -174.2544432060757 -178.80345387325033 -177.09578763260794 -171.7920334838249
NA NA NA NA NA
-458 -451.4090514609567 -451.57497086193609 -444.7634840805424 -441.7008779821211
-435.85266029165263 -432.61299152492001 -434.00734056699389 -439.52720424409085 -432.5467447278788
-429.7888120009384 -437.3781992484774 -444.0655399176646 -443.25048203555696 -443.8474242808238
-436.1432744556135 -431.52380695681245 -431.12663849731 -431.5337717180834 -435.8761553810983
-440.1407977700754 -444.6936839173285 -439.5401131753737 -439.0768382622405 -441.3567854090289
-449.1239024806416 -439.8436172710879 -451.8312660405027 -445.59053409106843 -444.94924205996057
NA NA NA NA NA
-685 -671.4273619507727 -678.2672957558796 -666.3384182463866 -675.23754110524635
-673.99665497341471 -671.7879251901122 -670.1146696826322 -675.2808007741047 -667.1028230463662
-670.97950942282728 -676.17072466471222 -684.7397122781285 -692.2387075158089 -693.73795289425
-684.6300558178544 -674.51812440553522 -675.273418732077 -673.31562983585673 -672.2676188339072
-681.2309894915082 -685.0172869916432 -681.5349505259014 -682.7262248177867 -676.0343232685630
-687.7441462563659 -667.31238505920555 -677.5861245829683 -666.5754740346924 -669.0137935601686
NA NA NA NA NA
-699 -685.57785850103221 -693.62138588330799 -680.29140559984398 -684.81146910386997
-685.20986156753656 -690.5311078623911 -684.25953971389686 -688.87688216904303 -683.1974543410065
-684.65790394130090 -694.084058782143 -699.2100325547992 -704.00607548350263 -715.089720687787
-705.3964865856694 -693.72983416951831 -695.1099334054526 -695.1818767277839 -694.6921745014665
-700.38699052669176 -701.305331468377 -701.28032101746680 -704.69894525571669 -698.1493317978056
-705.685689728224 -691.5690798908321 -700.26703147384512 -686.8820304619946 -680.98987368803455
NA NA NA NA NA
-512 -506.75430402428498 -510.4285393882268 -499.32554350433901 -498.98229496870499
-497.48698824437821 -499.1610759227003 -500.12383633234413 -510.49862344256894 -502.24050356674104
-507.8047866285332 -515.1357413315416 -523.9880237179264 -527.53209283918613 -536.45916906516413
-522.28431570101759 -516.1561106512138 -516.2077986791885 -513.3222481178187 -512.25142111703462
-517.5563027835492 -512.9827946870956 -509.0664074132616 -511.4369098774101 -508.21255861747909
-508.1442244817783 -503.9292673565189 -510.2324605242004 -501.2729418994913 -503.8952711145416
NA NA NA NA NA
-221 -216.05978876588509 -217.29694150914264 -210.20387543346214 -207.4728559270658
-201.49537373254742 -200.70450490013019 -200.52057424052612 -205.2404665381627 -199.62764018695256
-197.1929754740484 -200.9054815381066 -203.24539950522492 -205.8132652690584 -208.84895078350218
-201.9982958067018 -194.28525427705893 -191.73215575556793 -191.19428582809098 -183.03385532650034
-185.0233769188318 -178.01732079187960 -175.37432549808528 -181.08815897359520 -180.02908092761589
-182.6532343554833 -182.8480718664141 -191.0159918308341 -185.20065472936483 -182.38819660059784
NA NA NA NA NA
49 47.508938835844440 47.964342231649042 49.25764536420760 47.4594274327435
46.829420428962656 48.72100289900876 48.63454562741584 49.741715235823456 47.69292873228532
43.63345136973584 42.30744492235536 48.77715414015884 47.747893957276325 53.17213937809056
53.058268784905550 52.91733516696719 56.789099805581031 50.616673438426190 49.107031838081575
49.18486984606425 46.149417416763534 43.38860758015936 49.243856002189027 46.02389680585312
42.79311242919187 47.04149289461777 47.308908720319131 47.066488077698708 50.15976664818927
NA NA NA NA NA
204 202.82801079569066 204.47142060128101 203.68606380877156 202.25269724735963
197.20271107348 201.94509154858741 199.78220142107955 209.282508910732 206.4571781952231
205.9100677301855 208.0799188234037 211.71634300052023 213.5924897889053 218.3901467408773
216.8882594304519 215.7462152774596 219.49282110953010 222.54713894600221 219.36671959814356
224.7753514467094 221.7899277027591 221.42900362879828 218.8598021557594 216.86684787171177
217.3171793163067 206.24058455479081 206.14010417668575 202.84516395151087 192.60954560479803
NA NA NA NA NA
304 299.319924026062 306.4527991707163 300.8218209812968 302.2492580243481
301.09378834014097 304.91400524747223 303.749555313263 304.87751077276846 302.2514669918992
308.105042129033 309.8733286495924 315.0080971729321 319.89031632412195 328.4002672205256
318.4953993476510 314.39599293195130 316.1339515555409 312.3948218089333 313.761792249551
313.38063836111655 316.1524707469839 314.6731375654522 315.4811006362169 312.9788113176654
319.2285787761218 309.5766070426671 311.33559075334045 304.92219491658307 305.7729465440563
NA NA NA NA NA
395 386.04272821401838 385.600346730797 376.325986852002 381.4005162468458
377.226083304403 380.0721799602307 377.78760154946372 377.350371193415 373.5056085169339
374.9149292150113 380.75425741785745 383.07207532861810 381.79853800489326 391.4506004323928
384.35322994793012 377.2780415411977 380.2134895610307 376.358218206089 377.3337934678843
380.111273836339 376.5824788721738 374.7564361160312 377.3772734236154 371.18108226607717
371.544317224803 363.0159371149334 366.728102658378 362.5907503517205 356.76998129263143
NA NA NA NA NA
445 445.7615976052496 448.96994215186629 443.3806610840928 445.1721946808245
447.301448901215 447.4471977206636 444.1462233521074 447.0857215528636 445.9421816861123
448.26307590056859 452.76492963186564 451.3561380628597 448.69821339354672 455.3237309015756
447.40206911277687 445.5716063992741 453.5354175429305 451.45011133480398 449.5819533690028
455.7024653800536 459.86915095895978 458.8794639352779 454.2086648687739 454.3754624034864
461.3687946042128 456.8853036752723 463.9487918539489 455.90299405036598 453.66812042023821
NA NA NA NA NA
437 434.72820690638008 439.1701368562652 428.3673940970500 425.5809629772314
423.1558468029246 423.32488814163321 420.99436334909331 426.2767589303618 424.1394796328923
427.47683970438368 430.05060286170851 430.0577760410668 435.66498045613400 440.96549884835605
431.62647538334573 431.9938023175505 437.1492930510386 434.1123594777019 428.271615856905
438.73899458069519 434.11856287733951 432.6485558728343 437.1393321143270 434.465117582035
440.3817930699027 429.22201713872602 432.1270185066210 426.9563265483979 429.0901311682054
NA NA NA NA NA
347 340.1553016553087 342.6116780091057 342.3037016103377 344.9187960325934
342.8488734268556 339.7139368973385 335.45113570223015 334.9348334110703 330.30522691705602
336.21662519958312 340.23060592210999 343.80736537726779 345.221741598457 351.1958364145727
343.4149202458314 340.98791958880452 341.1171112090955 339.19223310715063 335.57855329892
333.1353512944211 337.9979417133205 336.45452167645601 334.9090536890364 330.8711721548938
330.44720753348162 325.9516932040169 329.7790551288928 319.1958881700928 314.16110942395738
NA NA NA NA NA
257 257.0743098208436 261.2283561629656 255.9528923816412 257.3863022870829
257.7361225214817 254.8644550394141 258.02832832512598 260.95532855207432 254.3249880329535
257.5923491653289 258.3471237647792 264.7455687295334 268.8835319823938 272.45155778579800
265.4473323415359 257.7440237326072 253.3041761503864 247.5420070516369 246.7019180465326
247.1323199266886 253.7760978891353 251.4067752044498 253.8020469353544 249.83039190172801
248.58576756668592 246.24866522803975 252.6968661074627 246.5089092007361 250.0024586524419
NA NA NA NA NA
218 211.48163812253759 216.4940551966008 216.9671533067073 215.3504310134307
210.11645288349141 205.74299030226194 207.12185388255557 201.71929867547993 203.47359531437976
203.2102433779256 202.1396986171373 201.63141660016743 201.9268500076041 198.3336026072686
197.59065591479194 191.75501413362096 194.5947418324777 195.22625655491800 192.9351190957605
198.73607007160720 199.45090765436959 198.95848814990137 197.17480997516842 195.76381262101211
200.272648443341 196.7021502656309 198.4314121281068 192.91936527081731 189.56911878814296
NA NA NA NA NA
176 175.60344123566406 178.28689317890124 172.3162223500678 172.75961693239475
171.3856786660642 171.89543571489031 174.59329626053454 171.2858531341161 167.99079720707590
172.0738523231587 175.83204495590505 174.48099502676743 174.5395459514296 177.6096049356553
173.38462866240391 171.3341139431414 168.2722835597537 170.9758521528960 167.6224893674805
168.2924841003324 172.63118413547855 172.06301500351466 175.13847463508057 176.59548434309588
171.7678514381045 168.79391717446879 166.93416723428246 161.2905501706585 159.35375782995931
NA NA NA NA NA
123 120.46370722481194 119.1229046311346 118.49234838507236 117.08060167821020
118.72482766107599 123.76672810040948 121.44199536437252 129.57401270771828 126.86544331998856
124.70960647051794 124.55299739148396 129.47868631903017 136.31533489859905 140.15250480383591
140.01311206822677 138.80743433767364 134.90973529284648 135.30457535735687 134.3348889533202
132.0330995777501 133.12360474547307 135.02315199829465 130.57905628399459 128.94306163871804
134.0453033509081 129.32436295526119 130.32130200767151 129.08722491203193 126.13026594604383
NA NA NA NA NA
55 53.167231121063530 56.45868288916185 55.814449080278635 49.87345077904777
54.01415883698924 54.616818098545238 60.162596845698765 62.958028752923340 64.138253003968941
64.44048921065733 63.93732738709492 67.77307136102417 69.77578525682864 69.286275300857326
68.4389282161479 69.491127956461057 68.43232562117704 73.6972513521364 73.67169273407801
70.277422185774640 69.95225564841925 71.1371542858692 74.91315150447220 72.0227494477788
75.56982515193543 71.83450032619126 67.30036827148936 65.76398299155515 64.203317337699062
NA NA NA NA NA
-9 -9.598499479257296 -16.025808155989608 -10.867936844600599 -12.89475732340585
-14.198605116830501 -10.731773069631073 -11.38900753657648 -15.707870027945617 -14.13114924701698
-15.827120246581046 -16.568145058800997 -19.868898692337815 -20.224099408392441 -23.81413884594307
-22.213032804533501 -19.93425970120366 -21.347272831307059 -25.38748146187309 -27.75310113400753
-28.141906143913097 -30.345484967160168 -33.352919654263282 -35.8202952476666 -36.08209372318358
-33.16391398311859 -33.31508775630741 -28.23630793731868 -34.5285055360627 -32.19460766462669
NA NA NA NA NA
-48 -47.524752456195394 -46.90523393782326 -40.78892114271675 -37.30708711842355
-38.63154015129906 -38.62455232021397 -36.22153196215178 -36.51314108176134 -38.131691219800125
-41.83427754224824 -38.06838305041976 -37.889904898920811 -35.16116788328887 -35.778762793012
-35.132282179987484 -34.56569437566652 -34.835887019040406 -35.92526019781565 -43.34621554371373
-42.98954921964747 -46.5549842196575 -42.916523127506380 -38.88775921335647 -43.57158905142572
-43.54421391137334 -49.095968442588692 -55.05621411876264 -53.588945365316093 -55.573045171418023
NA NA NA NA NA
-103 -101.83791770610850 -98.99355395862322 -95.66635707469929 -95.37880537346999
-94.57465301774883 -97.84083714307303 -97.08404667197205 -100.15758286027638 -102.7593924228797
-102.57095618083507 -97.49566742960042 -96.47248305910070 -95.8345496060805 -94.72576271125050
-86.80289742819620 -83.835321607885604 -87.90204465393262 -87.812110306534 -88.49693020754370
-88.743680128852134 -93.96516554348656 -92.22224573886967 -92.79410919128652 -94.222718074352
-94.0378705880791 -89.350953716813223 -87.70008837254856 -82.91086464773477 -82.37260725832361
NA NA NA NA NA
-146 -147.67884861744676 -150.42430976932721 -145.63110975899863 -149.01349604521937
-143.88419270528345 -143.18414997320863 -139.96908774968102 -139.95648476325798 -138.99029364010073
-141.23188927855071 -141.86176902673489 -142.84086415755951 -147.0087833398813 -149.51617518499307
-141.33680901147986 -136.48604539531809 -138.41571803079762 -130.83470470832782 -131.2390751327623
-130.51900235326437 -127.98658754955987 -129.91296612391426 -124.54222673193797 -117.3737018763192
-118.55084877614949 -119.31981839798200 -114.59673138479496 -111.11973848899814 -113.1151262838318
NA NA NA NA NA
-152 -150.07257423541620 -154.1849073945067 -156.37028512281628 -159.3702866022619
-159.56563599621285 -161.20009745623818 -162.0517347340907 -159.34539563277926 -160.29267812612412
-159.36574344078468 -160.6560685394288 -157.0561256866822 -158.54953091027963 -157.7591190299545
-150.3054271319417 -147.67511778521853 -145.7593029946416 -142.5129769512389 -140.42840664391403
-142.80549545012784 -141.97103837749330 -140.41205979129171 -143.90945170047499 -144.54482362772254
-141.59107607579872 -132.23696457235644 -134.1723419367447 -133.9133202710719 -131.5893093242273
NA NA NA NA NA
-131 -134.34051895981483 -137.03402974732896 -135.35512452188874 -133.28758181032504
-129.73033252502307 -128.57734099906983 -127.17561112213465 -129.88369355474006 -132.30224247103058
-133.6670358393269 -131.62076766194025 -134.47285368540105 -137.07164619878225 -139.86505900652065
-141.87894859836933 -146.4060822130734 -148.49727341792575 -146.7222619454402 -153.16454792591605
-158.71090307229804 -158.9215862924364 -156.75126942166534 -160.98849996834701 -158.10091395651611
-157.69618386572796 -153.6846707154508 -153.60237832604358 -148.9362362965671 -149.331965321059
NA NA NA NA NA
-146 -147.98020481432431 -149.580295750051 -150.10536473986062 -150.371183102669
-150.9013290285491 -152.4922382793963 -155.43627692122351 -154.81368653557772 -153.2174641572781
-156.36100077425743 -157.03296473965503 -154.91348419883781 -154.08132723567593 -159.78470134322995
-155.46836194044059 -156.57138859535695 -152.14862954133548 -148.5060569297159 -149.04184308157218
-150.7748135382097 -146.72085555856876 -147.81225983925029 -148.8653485864216 -144.31620852764013
-146.40676949708208 -140.28410390189725 -141.51189346770047 -141.26625055686029 -141.80744750787468
NA NA NA NA NA
-172 -169.08869344144790 -174.8426879719368 -166.37747610371969 -168.99960491389245
-167.1857116762758 -167.4689253995918 -165.68888583708829 -164.41423384606244 -160.10730939187096
-164.8179753788577 -163.10292887023931 -167.7672635821964 -168.776395445075 -166.1463495231198
-159.84812000090383 -159.3665245769718 -160.93506194981458 -163.22611774633816 -161.0257878692415
-160.0129692430667 -162.0217025613727 -163.21762224984064 -162.82226318524729 -162.7326560387808
-163.10141676346888 -160.07807631634921 -162.32809816733638 -158.18274779265678 -155.98931351280714
NA NA NA NA NA
-192 -192.34299081260187 -194.29483404715626 -189.68054827872922 -191.72306777011988
-192.05856469918018 -197.8803256496152 -198.2156757193003 -198.46299074045498 -193.64289281718661
-194.7947094821444 -195.1262945867102 -198.4896545192975 -194.81588406285456 -200.58491793919009
-192.48897534922568 -190.8741569179356 -194.20869944424874 -196.7281841204128 -198.66854322556125
-200.87988382462572 -195.50636056506755 -196.1469291117438 -196.07507409232264 -195.12071680543994
-200.79641249559029 -192.27866191836830 -195.8650098920016 -191.25387978376955 -188.82224355733214
NA NA NA NA NA
-198 -189.15691586921426 -188.59535430002049 -191.04583845073591 -190.98036447810739
-189.67035213185295 -189.24944748796040 -189.7867850907793 -192.74177527788714 -188.6923690759631
-190.3575304239437 -191.56842962411403 -194.8891714609865 -198.15626776959925 -203.9754559171231
-203.10754073051481 -202.16436957170492 -203.98936438558960 -206.70100684678454 -204.16537211277631
-205.0564705687622 -201.4352200396335 -194.63060435216988 -200.46579321135368 -200.24440392168563
-200.62713726053067 -197.27784753582603 -200.82461421135829 -200.35575942480733 -203.61136667083821
NA NA NA NA NA
-209 -205.25202518735625 -211.33428514611444 -208.1767611180975 -209.1307060045627
-206.57065533615889 -209.6250675347433 -206.50124863804183 -205.38845001082319 -201.85399582003802
-201.09896282504613 -202.70494385978449 -205.6628530919645 -205.0067965180889 -209.395684406526
-204.27045632985150 -202.04234939560763 -201.2580483565405 -206.19775507229483 -213.7884506544758
-215.50930054564756 -218.18916851043454 -219.08341251514628 -218.7502473590439 -221.8710899886428
-224.6345591842234 -222.05965591986845 -223.2783632283113 -217.34083596986980 -221.00671054759761
NA NA NA NA NA
