0.5 0.5 0.5 0.5 0.5
0.7351441 0.7351441 0.7351441 0.7351441 0.7351441
0.7351441 0.7351441 0.8653493 0.8653493 0.8653493
0.8653493 0.8653493 0.8653493 0.8653493 0.8653493
0.872986 0.872986 0.872986 0.872986 0.872986
0.872986 0.872986 0.872986 0.872986 0.872986
0.872986 0.872986 0.872986 0.872986 0.872986
0.872986 0.872986 0.872986 0.872986 0.872986
0.872986 0.872986 0.872986 0.872986 0.872986
0.872986 0.872986 0.872986 0.872986 0.872986
0.872986 0.872986 0.872986 0.872986 0.872986
0.872986 0.872986 0.872986 0.872986 0.872986
0.872986 0.872986 0.872986 0.872986 0.8901403
0.8901403 0.8901403 0.8901403 0.8901403 0.8901403
0.8901403 0.8901403 0.8901403 0.8901403 0.8901403
0.8901403 0.8901403 0.8901403 0.8901403 0.8901403
0.8901403 0.8901403 0.8901403 0.8901403 0.8901403
0.8901403 0.8901403 0.8901403 0.8901403 0.8901403
0.8901403 0.8901403 0.8901403 0.8901403 0.8901403
0.8901403 0.8901403 0.8901403 0.8901403 0.8901403
0.5539333 0.5921638 0.5921638 0.5921638 0.8673243
0.8673243 0.8673243 0.8673243 0.8673243 0.8983679
0.8983679 0.8983679 0.8983679 0.8983679 0.8983679
0.8983679 0.8983679 0.8983679 0.8983679 0.8983679
0.8983679 0.8983679 0.8983679 0.8983679 0.8983679
0.8983679 0.8983679 0.8983679 0.8983679 0.8983679
0.8983679 0.8983679 0.8983679 0.8983679 0.8983679
0.8983679 0.8983679 0.8983679 0.8983679 0.8983679
0.8983679 0.8983679 0.8983679 0.8983679 0.8983679
0.8983679 0.8983679 0.8983679 0.8983679 0.8983679
0.8983679 0.8983679 0.8983679 0.8983679 0.8983679
0.8983679 0.8983679 0.8983679 0.8983679 0.8983679
0.8983679 0.8983679 0.8983679 0.8983679 0.8983679
0.8983679 0.8983679 0.8983679 0.8983679 0.8983679
0.8983679 0.8983679 0.8983679 0.8983679 0.8983679
0.8983679 0.8983679 0.8983679 0.8983679 0.8983679
0.8983679 0.8983679 0.8983679 0.8983679 0.8983679
0.8983679 0.8983679 0.8983679 0.8983679 0.8983679
0.8983679 0.8983679 0.8983679 0.8983679 0.8983679
0.8983679 0.8983679 0.8983679 0.8983679 0.8983679
0.6599028 0.6599028 0.6599028 0.6809209 0.6809209
0.6837933 0.6837933 0.6837933 0.8562805 0.8562805
0.8562805 0.8562805 0.8620124 0.8742894 0.8742894
0.8742894 0.8742894 0.8742894 0.8742894 0.8742894
0.8742894 0.8742894 0.8742894 0.8742894 0.8742894
0.8742894 0.8742894 0.8742894 0.8742894 0.8742894
0.8778068 0.8778068 0.8778068 0.8778068 0.8778068
0.8778068 0.8778068 0.8778068 0.8978474 0.8978474
0.8978474 0.8978474 0.8978474 0.8978474 0.8978474
0.8978474 0.8978474 0.8978474 0.8978474 0.8978474
0.8978474 0.8978474 0.8978474 0.8978474 0.8978474
0.8978474 0.8978474 0.8978474 0.8978474 0.8978474
0.8978474 0.8978474 0.8978474 0.8978474 0.8978474
0.8978474 0.8978474 0.8978474 0.8978474 0.8978474
0.8978474 0.8978474 0.8978474 0.8978474 0.8978474
0.8978474 0.8978474 0.8978474 0.8978474 0.8978474
0.8978474 0.8978474 0.8978474 0.8978474 0.8978474
0.8978474 0.8978474 0.8978474 0.8978474 0.8978474
0.8978474 0.8978474 0.8978474 0.8978474 0.8978474
0.8978474 0.8978474 0.8978474 0.8978474 0.8978474
