126.2161 126.2161 126.2161 126.2161 126.2161
126.2161 126.2161 126.2161 126.2161 126.2161
167.2045 167.2045 167.2045 167.2045 167.2045
167.2045 167.2045 167.2045 167.2045 193.5077
193.5077 193.5077 193.5077 193.5077 193.5077
193.5077 193.5077 193.5077 193.5077 193.5077
193.5077 193.5077 193.5077 193.5077 193.5077
193.5077 193.5077 193.5077 195.8182 195.8182
195.8182 195.8182 195.8182 195.8182 195.8182
195.8182 195.8182 195.8182 195.8182 195.8182
195.8182 195.8182 195.8182 195.8182 195.8182
195.8182 195.8182 195.8182 195.8182 195.8182
195.8182 195.8182 195.8182 195.8182 195.8182
195.8182 195.8182 195.8182 195.8182 195.8182
195.8182 195.8182 195.8182 195.8182 195.8182
195.8182 195.8182 195.8182 195.8182 195.8182
195.8182 195.8182 195.8182 195.8182 195.8182
195.8182 195.8182 195.8182 195.8182 195.8182
195.8182 195.8182 195.8182 195.8182 195.8182
195.8182 195.8182 195.8182 195.8182 195.8182
105 197.3280 197.3280 197.3280 197.3280
197.3280 197.3280 197.3280 197.3280 197.3280
197.3280 197.3280 197.3280 197.3280 197.3280
197.3280 197.3280 197.3280 197.3280 197.3280
197.3280 197.3280 197.3280 197.3280 197.3280
197.3280 197.3280 197.3280 197.3280 197.3280
197.3280 197.3280 197.3280 197.3280 197.3280
197.3280 197.3280 197.3280 197.3280 197.3280
197.3280 197.3280 197.3280 197.3280 197.3280
197.3280 197.3280 197.3280 197.3280 197.3280
197.3280 197.3280 197.3280 197.3280 197.3280
197.3280 197.3280 197.3280 197.3280 197.3280
197.3280 197.3280 197.3280 197.3280 197.3280
197.3280 197.3280 197.3280 197.3280 197.3280
197.3280 197.3280 197.3280 197.3280 197.3280
197.3280 197.3280 197.3280 197.3280 197.3280
197.3280 197.3280 197.3280 197.3280 197.3280
197.3280 197.3280 197.3280 197.3280 197.3280
197.3280 197.3280 197.3280 197.3280 197.3280
197.3280 197.3280 197.3280 197.3280 197.3280
168.7165 168.7165 168.7165 168.7165 168.7165
168.7165 168.7165 185.8965 185.8965 185.8965
185.8965 185.8965 185.8965 185.8965 185.8965
185.8965 185.8965 185.8965 185.8965 185.8965
185.8965 185.8965 185.8965 185.8965 185.8965
185.8965 185.8965 185.8965 185.8965 185.8965
185.8965 185.8965 185.8965 185.8965 185.8965
185.8965 185.8965 185.8965 185.8965 185.8965
185.8965 185.8965 185.8965 185.8965 185.8965
185.8965 185.8965 185.8965 185.8965 193.2123
193.2123 193.2123 193.2123 193.2123 193.2123
193.2123 193.2123 193.2123 193.2123 193.2123
193.2123 193.2123 193.2123 193.2123 193.2123
198.3352 198.3352 198.3352 198.3352 198.3352
198.3352 198.3352 198.3352 198.3352 198.3352
198.3352 198.3352 198.3352 198.3352 198.3352
198.3352 198.3352 198.3352 198.3352 198.3352
198.3352 198.3352 198.3352 198.3352 198.3352
198.3352 198.3352 198.3352 198.3352 198.3352
198.3352 198.3352 198.3352 198.3352 198.3352
